000000 0.2499 0.2501 0.2492 0.2508
000020 0.5618 0.3178 0.0229 0.0976
000040 0.6760 0.2450 0.0083 0.0707
000060 0.7562 0.1841 0.0030 0.0567
000080 0.8132 0.1409 0.0011 0.0448
000100 0.8532 0.1088 0.0004 0.0376
000120 0.8785 0.0883 0.0002 0.0330
000140 0.8996 0.0731 0.0001 0.0272
000160 0.9188 0.0576 0.0000 0.0235
000180 0.9315 0.0474 0.0000 0.0210
000200 0.9417 0.0404 0.0000 0.0179
000220 0.9490 0.0339 0.0000 0.0170
000240 0.9563 0.0285 0.0000 0.0153
000260 0.9615 0.0241 0.0000 0.0144
000280 0.9663 0.0194 0.0000 0.0143
000300 0.9697 0.0169 0.0000 0.0135
000320 0.9718 0.0146 0.0000 0.0137
000340 0.9744 0.0125 0.0000 0.0131
000360 0.9764 0.0106 0.0000 0.0130
000380 0.9784 0.0091 0.0000 0.0125
000400 0.9797 0.0080 0.0000 0.0122
000420 0.9816 0.0066 0.0000 0.0118
000440 0.9837 0.0055 0.0000 0.0108
000460 0.9845 0.0052 0.0000 0.0104
000480 0.9856 0.0041 0.0000 0.0104
000500 0.9860 0.0036 0.0000 0.0104
000520 0.9868 0.0031 0.0000 0.0101
000540 0.9869 0.0029 0.0000 0.0102
000560 0.9875 0.0025 0.0000 0.0100
000580 0.9876 0.0023 0.0000 0.0100
000600 0.9882 0.0022 0.0000 0.0096
000620 0.9885 0.0017 0.0000 0.0098
000640 0.9885 0.0012 0.0000 0.0103
000660 0.9887 0.0009 0.0000 0.0104
000680 0.9891 0.0004 0.0000 0.0105
000700 0.9890 0.0002 0.0000 0.0108
000720 0.9892 0.0002 0.0000 0.0106
000740 0.9886 0.0001 0.0000 0.0112
000760 0.9887 0.0002 0.0000 0.0111
000780 0.9882 0.0001 0.0000 0.0117
000800 0.9883 0.0000 0.0000 0.0117
000820 0.9884 0.0000 0.0000 0.0116
000840 0.9883 0.0001 0.0000 0.0117
000860 0.9885 0.0000 0.0000 0.0114
000880 0.9882 0.0000 0.0000 0.0118
000900 0.9885 0.0000 0.0000 0.0115
000920 0.9883 0.0000 0.0000 0.0117
000940 0.9875 0.0000 0.0000 0.0125
000960 0.9870 0.0000 0.0000 0.0130
000980 0.9866 0.0000 0.0000 0.0134
001000 0.9867 0.0000 0.0000 0.0133
001020 0.9862 0.0000 0.0000 0.0138
001040 0.9859 0.0000 0.0000 0.0141
001060 0.9846 0.0000 0.0000 0.0154
001080 0.9841 0.0000 0.0000 0.0159
001100 0.9837 0.0000 0.0000 0.0163
001120 0.9842 0.0000 0.0000 0.0158
001140 0.9847 0.0000 0.0000 0.0153
001160 0.9850 0.0000 0.0000 0.0150
001180 0.9844 0.0000 0.0000 0.0156
001200 0.9840 0.0000 0.0000 0.0160
001220 0.9836 0.0000 0.0000 0.0164
001240 0.9833 0.0000 0.0000 0.0167
001260 0.9831 0.0000 0.0000 0.0169
001280 0.9825 0.0000 0.0000 0.0175
001300 0.9827 0.0000 0.0000 0.0173
001320 0.9823 0.0000 0.0000 0.0177
001340 0.9828 0.0000 0.0000 0.0172
001360 0.9829 0.0000 0.0000 0.0171
001380 0.9828 0.0000 0.0000 0.0172
001400 0.9828 0.0000 0.0000 0.0172
001420 0.9825 0.0000 0.0000 0.0175
001440 0.9819 0.0000 0.0000 0.0181
001460 0.9814 0.0000 0.0000 0.0186
001480 0.9811 0.0000 0.0000 0.0189
001500 0.9807 0.0000 0.0000 0.0193
001520 0.9807 0.0000 0.0000 0.0193
001540 0.9809 0.0000 0.0000 0.0191
001560 0.9799 0.0000 0.0000 0.0201
001580 0.9798 0.0000 0.0000 0.0202
001600 0.9790 0.0000 0.0000 0.0210
001620 0.9779 0.0000 0.0000 0.0221
001640 0.9784 0.0000 0.0000 0.0216
001660 0.9781 0.0000 0.0000 0.0219
001680 0.9781 0.0000 0.0000 0.0219
001700 0.9785 0.0000 0.0000 0.0215
001720 0.9777 0.0000 0.0000 0.0223
001740 0.9774 0.0000 0.0000 0.0226
001760 0.9776 0.0000 0.0000 0.0224
001780 0.9765 0.0000 0.0000 0.0235
001800 0.9764 0.0000 0.0000 0.0236
001820 0.9759 0.0000 0.0000 0.0241
001840 0.9762 0.0000 0.0000 0.0238
001860 0.9769 0.0000 0.0000 0.0231
001880 0.9761 0.0000 0.0000 0.0239
001900 0.9762 0.0000 0.0000 0.0238
001920 0.9761 0.0000 0.0000 0.0239
001940 0.9763 0.0000 0.0000 0.0237
001960 0.9759 0.0000 0.0000 0.0241
001980 0.9760 0.0000 0.0000 0.0240
002000 0.9755 0.0000 0.0000 0.0245
002020 0.9752 0.0000 0.0000 0.0248
002040 0.9748 0.0000 0.0000 0.0252
002060 0.9750 0.0000 0.0000 0.0250
002080 0.9749 0.0000 0.0000 0.0251
002100 0.9753 0.0000 0.0000 0.0247
002120 0.9749 0.0000 0.0000 0.0251
002140 0.9749 0.0000 0.0000 0.0251
002160 0.9746 0.0000 0.0000 0.0254
002180 0.9754 0.0000 0.0000 0.0246
002200 0.9740 0.0000 0.0000 0.0260
002220 0.9737 0.0000 0.0000 0.0263
002240 0.9739 0.0000 0.0000 0.0261
002260 0.9739 0.0000 0.0000 0.0261
002280 0.9736 0.0000 0.0000 0.0264
002300 0.9725 0.0000 0.0000 0.0275
002320 0.9723 0.0000 0.0000 0.0277
002340 0.9718 0.0000 0.0000 0.0282
002360 0.9716 0.0000 0.0000 0.0284
002380 0.9722 0.0000 0.0000 0.0278
002400 0.9721 0.0000 0.0000 0.0279
002420 0.9715 0.0000 0.0000 0.0285
002440 0.9715 0.0000 0.0000 0.0285
002460 0.9718 0.0000 0.0000 0.0282
002480 0.9722 0.0000 0.0000 0.0278
002500 0.9722 0.0000 0.0000 0.0278
002520 0.9716 0.0000 0.0000 0.0284
002540 0.9714 0.0000 0.0000 0.0286
002560 0.9716 0.0000 0.0000 0.0284
002580 0.9710 0.0000 0.0000 0.0290
002600 0.9709 0.0000 0.0000 0.0291
002620 0.9705 0.0000 0.0000 0.0295
002640 0.9701 0.0000 0.0000 0.0299
002660 0.9701 0.0000 0.0000 0.0299
002680 0.9694 0.0000 0.0000 0.0306
002700 0.9690 0.0000 0.0000 0.0310
002720 0.9680 0.0000 0.0000 0.0320
002740 0.9675 0.0000 0.0000 0.0325
002760 0.9658 0.0000 0.0000 0.0342
002780 0.9663 0.0000 0.0000 0.0337
002800 0.9657 0.0000 0.0000 0.0343
002820 0.9660 0.0000 0.0000 0.0340
002840 0.9658 0.0000 0.0000 0.0342
002860 0.9657 0.0000 0.0000 0.0343
002880 0.9652 0.0000 0.0000 0.0348
002900 0.9658 0.0000 0.0000 0.0342
002920 0.9651 0.0000 0.0000 0.0349
002940 0.9646 0.0000 0.0000 0.0354
002960 0.9654 0.0000 0.0000 0.0346
002980 0.9654 0.0000 0.0000 0.0346
003000 0.9654 0.0000 0.0000 0.0346
003020 0.9657 0.0000 0.0000 0.0343
003040 0.9661 0.0000 0.0000 0.0339
003060 0.9659 0.0000 0.0000 0.0341
003080 0.9663 0.0000 0.0000 0.0337
003100 0.9665 0.0000 0.0000 0.0335
003120 0.9657 0.0000 0.0000 0.0343
003140 0.9653 0.0000 0.0000 0.0347
003160 0.9664 0.0000 0.0000 0.0336
003180 0.9652 0.0000 0.0000 0.0348
003200 0.9642 0.0000 0.0000 0.0358
003220 0.9631 0.0000 0.0000 0.0369
003240 0.9617 0.0000 0.0000 0.0383
003260 0.9610 0.0000 0.0000 0.0390
003280 0.9603 0.0000 0.0000 0.0397
003300 0.9591 0.0000 0.0000 0.0409
003320 0.9586 0.0000 0.0000 0.0414
003340 0.9584 0.0000 0.0000 0.0416
003360 0.9577 0.0000 0.0000 0.0423
003380 0.9571 0.0000 0.0000 0.0429
003400 0.9575 0.0000 0.0000 0.0425
003420 0.9576 0.0000 0.0000 0.0424
003440 0.9569 0.0000 0.0000 0.0431
003460 0.9569 0.0000 0.0000 0.0431
003480 0.9561 0.0000 0.0000 0.0439
003500 0.9564 0.0000 0.0000 0.0436
003520 0.9571 0.0000 0.0000 0.0429
003540 0.9564 0.0000 0.0000 0.0436
003560 0.9561 0.0000 0.0000 0.0439
003580 0.9568 0.0000 0.0000 0.0432
003600 0.9551 0.0000 0.0000 0.0449
003620 0.9546 0.0000 0.0000 0.0454
003640 0.9539 0.0000 0.0000 0.0461
003660 0.9521 0.0000 0.0000 0.0479
003680 0.9520 0.0000 0.0000 0.0480
003700 0.9531 0.0000 0.0000 0.0469
003720 0.9533 0.0000 0.0000 0.0467
003740 0.9528 0.0000 0.0000 0.0472
003760 0.9528 0.0000 0.0000 0.0472
003780 0.9517 0.0000 0.0000 0.0483
003800 0.9510 0.0000 0.0000 0.0490
003820 0.9511 0.0000 0.0000 0.0489
003840 0.9516 0.0000 0.0000 0.0484
003860 0.9503 0.0000 0.0000 0.0497
003880 0.9507 0.0000 0.0000 0.0493
003900 0.9515 0.0000 0.0000 0.0485
003920 0.9513 0.0000 0.0000 0.0487
003940 0.9502 0.0000 0.0000 0.0498
003960 0.9509 0.0000 0.0000 0.0491
003980 0.9507 0.0000 0.0000 0.0493
004000 0.9506 0.0000 0.0000 0.0494
004020 0.9508 0.0000 0.0000 0.0492
004040 0.9489 0.0000 0.0000 0.0511
004060 0.9489 0.0000 0.0000 0.0511
004080 0.9483 0.0000 0.0000 