000000 0.2502 0.2501 0.2493 0.2504
000050 0.6871 0.2366 0.0041 0.0721
000100 0.8092 0.1383 0.0003 0.0521
000150 0.8672 0.0900 0.0000 0.0428
000200 0.8925 0.0665 0.0000 0.0411
000250 0.9094 0.0486 0.0000 0.0421
000300 0.9154 0.0375 0.0000 0.0470
000350 0.9134 0.0323 0.0000 0.0543
000400 0.9094 0.0271 0.0000 0.0636
000450 0.8994 0.0250 0.0000 0.0757
000500 0.8887 0.0237 0.0000 0.0876
000550 0.8769 0.0230 0.0000 0.1000
000600 0.8603 0.0244 0.0000 0.1153
000650 0.8461 0.0225 0.0000 0.1313
000700 0.8315 0.0217 0.0000 0.1468
000750 0.8133 0.0233 0.0000 0.1633
000800 0.7967 0.0246 0.0000 0.1787
000850 0.7786 0.0271 0.0000 0.1943
000900 0.7594 0.0338 0.0000 0.2068
000950 0.7438 0.0368 0.0000 0.2194
001000 0.7327 0.0380 0.0000 0.2294
001050 0.7228 0.0376 0.0000 0.2395
001100 0.7092 0.0380 0.0000 0.2528
001150 0.6994 0.0380 0.0000 0.2626
001200 0.6880 0.0434 0.0000 0.2686
001250 0.6807 0.0481 0.0000 0.2713
001300 0.6738 0.0528 0.0000 0.2733
001350 0.6685 0.0580 0.0000 0.2735
001400 0.6687 0.0629 0.0000 0.2684
001450 0.6720 0.0682 0.0000 0.2597
001500 0.6771 0.0732 0.0000 0.2498
001550 0.6879 0.0789 0.0000 0.2333
001600 0.6936 0.0864 0.0000 0.2200
001650 0.7038 0.0896 0.0000 0.2066
001700 0.7152 0.0913 0.0000 0.1935
001750 0.7295 0.0873 0.0000 0.1832
001800 0.7443 0.0828 0.0000 0.1730
001850 0.7528 0.0833 0.0000 0.1639
001900 0.7635 0.0882 0.0000 0.1483
001950 0.7775 0.0849 0.0000 0.1375
002000 0.7884 0.0823 0.0000 0.1293
002050 0.7965 0.0746 0.0000 0.1289
002100 0.8046 0.0670 0.0000 0.1284
002150 0.8091 0.0592 0.0000 0.1318
002200 0.8145 0.0491 0.0000 0.1364
002250 0.8142 0.0405 0.0000 0.1453
002300 0.8085 0.0346 0.0000 0.1569
002350 0.7987 0.0329 0.0000 0.1683
002400 0.7902 0.0327 0.0000 0.1771
002450 0.7805 0.0380 0.0000 0.1815
002500 0.7690 0.0447 0.0000 0.1863
002550 0.7621 0.0495 0.0000 0.1884
002600 0.7582 0.0542 0.0000 0.1876
002650 0.7566 0.0563 0.0000 0.1871
002700 0.7552 0.0599 0.0000 0.1848
002750 0.7559 0.0676 0.0000 0.1765
002800 0.7609 0.0764 0.0000 0.1627
002850 0.7693 0.0773 0.0000 0.1534
002900 0.7790 0.0807 0.0000 0.1404
002950 0.7893 0.0772 0.0000 0.1335
003000 0.7999 0.0707 0.0000 0.1295
003050 0.8066 0.0592 0.0000 0.1342
003100 0.8104 0.0492 0.0000 0.1404
003150 0.8098 0.0409 0.0000 0.1493
003200 0.8051 0.0378 0.0000 0.1571
003250 0.7968 0.0400 0.0000 0.1632
003300 0.7857 0.0464 0.0000 0.1679
003350 0.7771 0.0484 0.0000 0.1745
003400 0.7722 0.0484 0.0000 0.1794
003450 0.7694 0.0522 0.0000 0.1784
003500 0.7671 0.0592 0.0000 0.1737
003550 0.7624 0.0683 0.0000 0.1692
003600 0.7623 0.0696 0.0000 0.1682
003650 0.7651 0.0652 0.0000 0.1697
003700 0.7698 0.0579 0.0000 0.1722
003750 0.7705 0.0566 0.0000 0.1729
003800 0.7682 0.0546 0.0000 0.1772
003850 0.7651 0.0551 0.0000 0.1798
003900 0.7638 0.0520 0.0000 0.1842
003950 0.7610 0.0505 0.0000 0.1885
004000 0.7570 0.0502 0.0000 0.1927
004050 0.7537 0.0492 0.0000 0.1971
004100 0.7481 0.0482 0.0000 0.2038
004150 0.7430 0.0479 0.0000 0.2091
004200 0.7403 0.0494 0.0000 0.2103
004250 0.7374 0.0486 0.0000 0.2140
004300 0.7323 0.0484 0.0000 0.2193
004350 0.7293 0.0544 0.0000 0.2163
004400 0.7271 0.0627 0.0000 0.2102
004450 0.7268 0.0756 0.0000 0.1976
004500 0.7303 0.0876 0.0000 0.1821
004550 0.7386 0.0944 0.0000 0.1670
004600 0.7522 0.0958 0.0000 0.1520
004650 0.7658 0.0896 0.0000 0.1446
004700 0.7812 0.0814 0.0000 0.1373
004750 0.7982 0.0706 0.0000 0.1312
004800 0.8106 0.0592 0.0000 0.1302
004850 0.8197 0.0519 0.0000 0.1284
004900 0.8235 0.0535 0.0000 0.1230
004950 0.8250 0.0580 0.0000 0.1171
005000 0.8276 0.0618 0.0000 0.1106
005050 0.8335 0.0612 0.0000 0.1053
005100 0.8385 0.0574 0.0000 0.1041
005150 0.8412 0.0494 0.0000 0.1095
005200 0.8426 0.0404 0.0000 0.1169
005250 0.8378 0.0361 0.0000 0.1261
005300 0.8320 0.0344 0.0000 0.1335
005350 0.8253 0.0375 0.0000 0.1372
005400 0.8190 0.0415 0.0000 0.1395
005450 0.8141 0.0445 0.0000 0.1415
005500 0.8109 0.0426 0.0000 0.1464
005550 0.8056 0.0414 0.0000 0.1530
005600 0.7980 0.0385 0.0000 0.1636
005650 0.7910 0.0346 0.0000 0.1744
005700 0.7806 0.0327 0.0000 0.1867
005750 0.7696 0.0335 0.0000 0.1969
005800 0.7618 0.0359 0.0000 0.2023
005850 0.7533 0.0386 0.0000 0.2081
005900 0.7451 0.0377 0.0000 0.2172
005950 0.7365 0.0393 0.0000 0.2241
006000 0.7293 0.0429 0.0000 0.2277
006050 0.7191 0.0495 0.0000 0.2314
006100 0.7130 0.0545 0.0000 0.2324
006150 0.7103 0.0584 0.0000 0.2313
006200 0.7063 0.0585 0.0000 0.2352
006250 0.7079 0.0605 0.0000 0.2316
006300 0.7116 0.0616 0.0000 0.2268
006350 0.7136 0.0674 0.0000 0.2190
006400 0.7169 0.0757 0.0000 0.2074
006450 0.7238 0.0830 0.0000 0.1932
006500 0.7346 0.0900 0.0000 0.1754
006550 0.7474 0.0945 0.0000 0.1580
006600 0.7650 0.0918 0.0000 0.1432
006650 0.7872 0.0841 0.0000 0.1287
006700 0.8062 0.0760 0.0000 0.1177
006750 0.8204 0.0636 0.0000 0.1160
006800 0.8296 0.0481 0.0000 0.1222
006850 0.8315 0.0369 0.0000 0.1316
006900 0.8271 0.0291 0.0000 0.1439
006950 0.8194 0.0259 0.0000 0.1547
007000 0.8093 0.0259 0.0000 0.1648
007050 0.7985 0.0290 0.0000 0.1725
007100 0.7848 0.0318 0.0000 0.1834
007150 0.7731 0.0321 0.0000 0.1947
007200 0.7641 0.0325 0.0000 0.2034
007250 0.7519 0.0361 0.0000 0.2120
007300 0.7411 0.0384 0.0000 0.2205
007350 0.7292 0.0392 0.0000 0.2316
007400 0.7166 0.0410 0.0000 0.2425
007450 0.7060 0.0428 0.0000 0.2512
007500 0.6931 0.0459 0.0000 0.2610
007550 0.6833 0.0498 0.0000 0.2669
007600 0.6749 0.0523 0.0000 0.2727
007650 0.6685 0.0556 0.0000 0.2759
007700 0.6662 0.0585 0.0000 0.2753
007750 0.6613 0.0667 0.0000 0.2719
007800 0.6658 0.0742 0.0000 0.2600
007850 0.6690 0.0862 0.0000 0.2448
007900 0.6811 0.0977 0.0000 0.2213
007950 0.6930 0.1037 0.0000 0.2033
008000 0.7071 0.1006 0.0000 0.1923
008050 0.7238 0.0940 0.0000 0.1823
008100 0.7387 0.0900 0.0000 0.1714
008150 0.7522 0.0921 0.0000 0.1557
008200 0.7660 0.0942 0.0000 0.1398
008250 0.7807 0.0902 0.0000 0.1290
008300 0.7943 0.0866 0.0000 0.1191
008350 0.8080 0.0779 0.0000 0.1141
008400 0.8183 0.0698 0.0000 0.1119
008450 0.8246 0.0590 0.0000 0.1164
008500 0.8282 0.0494 0.0000 0.1224
008550 0.8231 0.0455 0.0000 0.1314
008600 0.8181 0.0400 0.0000 0.1418
008650 0.8131 0.0368 0.0000 0.1501
008700 0.8036 0.0378 0.0000 0.1586
008750 0.7945 0.0386 0.0000 0.1669
008800 0.7858 0.0419 0.0000 0.1723
008850 0.7785 0.0477 0.0000 0.1739
008900 0.7709 0.0533 0.0000 0.1758
008950 0.7674 0.0596 0.0000 0.1730
009000 0.7689 0.0639 0.0000 0.1672
009050 0.7723 0.0632 0.0000 0.1645
009100 0.7756 0.0615 0.0000 0.1629
009150 0.7790 0.0610 0.0000 0.1600
009200 0.7829 0.0585 0.0000 0.1586
009250 0.7866 0.0585 0.0000 0.1550
009300 0.7898 0.0636 0.0000 0.1466
009350 0.7967 0.0650 0.0000 0.1383
009400 0.8005 0.0695 0.0000 0.1300
009450 0.8058 0.0709 0.0000 0.1234
009500 0.8143 0.0645 0.0000 0.1213
009550 0.8217 0.0575 0.0000 0.1208
009600 0.8230 0.0551 0.0000 0.1219
009650 0.8228 0.0534 0.0000 0.1238
009700 0.8269 0.0478 0.0000 0.1253
009750 0.8287 0.0432 0.0000 0.1282
009800 0.8241 0.0402 0.0000 0.1356
009850 0.8198 0.0345 0.0000 0.1457
009900 0.8111 0.0319 0.0000 0.1570
009950 0.7996 0.0322 0.0000 0.1682
010000 0.7913 0.0325 0.0000 0.1763
010050 0.7824 0.0338 0.0000 0.1838
010100 0.7739 0.0354 0.0000 0.1907
010150 0.7629 0.0394 0.0000 0.1977
010200 0.7534 0.0452 0.0000 0.2015
010250 0.7437 0.0510 0.0000 0.2054
010300 0.7401 0.0550 0.0000 0.2049
010350 0.7383 0.0594 0.0000 0.2022
010400 0.7380 0.0647 0.0000 0.1973
010450 0.7416 0.0707 0.0000 0.1877
010500 0.7442 0.0744 0.0000 0.1813
010550 0.7542 0.0701 0.0000 0.1757
010600 0.7581 0.0662 0.0000 0.1757
010650 0.7610 0.0618 0.0000 0.1773
010700 0.7613 0.0596 0.0000 0.1791
010750 0.7597 0.0586 0.0000 0.1817
010800 0.7557 0.0554 0.0000 0.1889
010850 0.7537 0.0526 0.0000 0.1937
010900 0.7456 0.0542 0.0000 0.2002
010950 0.7418 0.0544 0.0000 0.2039
011000 0.7408 0.0538 0.0000 0.2054
011050 0.7383 0.0566 0.0000 0.2051
011100 0.7367 0.0614 0.0000 0.2019
011150 0.7366 0.0695 0.0000 0.1939
011200 0.7410 0.0723 0.0000 0.1867
011250 0.7469 0.0758 0.0000 0.1773
011300 0.7541 0.0759 0.0000 0.1700
011350 0.7610 0.0766 0.0000 0.1624
011400 0.7709 0.0736 0.0000 0.1555
011450 0.7804 0.0727 0.0000 0.1469
011500 0.7887 0.0714 0.0000 0.1399
011550 0.7968 0.0672 0.0000 0.1359
011600 0.8041 0.0629 0.0000 0.1330
011650 0.8090 0.0603 0.0000 0.1307
011700 0.8142 0.0572 0.0000 0.1286
011750 0.8165 0.0562 0.0000 0.1273
011800 0.8181 0.0580 0.0000 0.1239
011850 0.8196 0.0617 0.0000 0.1187
011900 0.8212 0.0631 0.0000 0.1157
011950 0.8260 0.0583 0.0000 0.1157
012000 0.8317 0.0500 0.0000 0.1183
012050 0.8326 0.0453 0.0000 0.1221
012100 0.8291 0.0453 0.0000 0.1256
012150 0.8250 0.0477 0.0000 0.1273
012200 0.8218 0.0500 0.0000 0.1281
012250 0.8218 0.0469 0.0000 0.1314
012300 0.8201 0.0447 0.0000 0.1352
012350 0.8169 0.0472 0.0000 0.1358
012400 0.8163 0.0473 0.0000 0.1364
012450 0.8166 0.0461 0.0000 0.1373
012500 0.8143 0.0444 0.0000 0.1413
012550 0.8113 0.0432 0.0000 0.1456
012600 0.8085 0.0431 0.0000 0.1484
012650 0.8050 0.0438 0.0000 0.1512
012700 0.8011 0.0400 0.0000 0.1588
012750 0.7943 0.0351 0.0000 0.1706
012800 0.7847 0.0314 0.0000 0.1839
012850 0.7705 0.0320 0.0000 0.1975
012900 0.7582 0.0332 0.0000 0.2086
012950 0.7443 0.0404 0.0000 0.2153
013000 0.7374 0.0473 0.0000 0.2153
013050 0.7316 0.0577 0.0000 0.2107
013100 0.7271 0.0689 0.0000 0.2040
013150 0.7263 0.0735 0.0000 0.2002
013200 0.7312 0.0731 0.0000 0.1957
013250 0.7381 0.0710 0.0000 0.1909
013300 0.7454 0.0664 0.0000 0.1882
013350 0.7535 0.0619 0.0000 0.1845
013400 0.7597 0.0597 0.0000 0.1806
013450 0.7652 0.0593 0.0000 0.1756
013500 0.7672 0.0671 0.0000 0.1657
013550 0.7745 0.0739 0.0000 0.1516
013600 0.7854 0.0754 0.0000 0.1392
013650 0.7947 0.0710 0.0000 0.1343
013700 0.8019 0.0646 0.0000 0.1334
013750 0.8088 0.0573 0.0000 0.1339
013800 0.8116 0.0532 0.0000 0.1352
013850 0.8110 0.0506 0.0000 0.1384
013900 0.8062 0.0519 0.0000 0.1419
013950 0.8031 0.0542 0.0000 0.1427
014000 0.8010 0.0548 0.0000 0.1442
014050 0.7986 0.0513 0.0000 0.1501
014100 0.7938 0.0449 0.0000 0.1612
014150 0.7886 0.0402 0.0000 0.1711
014200 0.7808 0.0407 0.0000 0.1784
014250 0.7736 0.0409 0.0000 0.1855
014300 0.7656 0.0406 0.0000 0.1938
014350 0.7571 0.0445 0.0000 0.1984
014400 0.7521 0.0489 0.0000 0.1990
014450 0.7481 0.0536 0.0000 0.1983
014500 0.7472 0.0583 0.0000 0.1945
014550 0.7471 0.0630 0.0000 0.1899
014600 0.7494 0.0637 0.0000 0.1869
014650 0.7514 0.0602 0.0000 0.1883
014700 0.7537 0.0570 0.0000 0.1893
014750 0.7557 0.0546 0.0000 0.1896
014800 0.7535 0.0571 0.0000 0.1894
014850 0.7550 0.0613 0.0000 0.1837
014900 0.7562 0.0677 0.0000 0.1761
014950 0.7626 0.0772 0.0000 0.1602
015000 0.7687 0.0852 0.0000 0.1462
015050 0.7808 0.0832 0.0000 0.1360
015100 0.7942 0.0773 0.0000 0.1285
015150 0.8058 0.0712 0.0000 0.1230
015200 0.8127 0.0650 0.0000 0.1223
015250 0.8183 0.0612 0.0000 0.1205
015300 0.8249 0.0574 0.0000 0.1176
015350 0.8294 0.0540 0.0000 0.1166
015400 0.8319 0.0563 0.0000 0.1118
015450 0.8337 0.0568 0.0000 0.1095
015500 0.8361 0.0490 0.0000 0.1148
015550 0.8367 0.0387 0.0000 0.1246
015600 0.8304 0.0337 0.0000 0.1359
015650 0.8254 0.0308 0.0000 0.1437
015700 0.8154 0.0298 0.0000 0.1548
015750 0.8067 0.0262 0.0000 0.1670
015800 0.7971 0.0234 0.0000 0.1795
015850 0.7846 0.0246 0.0000 0.1908
015900 0.7686 0.0255 0.0000 0.2059
015950 0.7529 0.0242 0.0000 0.2229
016000 0.7343 0.0223 0.0000 0.2434
016050 0.7146 0.0269 0.0000 0.2584
016100 0.6988 0.0327 0.0000 0.2684
016150 0.6860 0.0382 0.0000 0.2758
016200 0.6757 0.0395 0.0000 0.2847
016250 0.6648 0.0394 0.0000 0.2957
016300 0.6543 0.0387 0.0000 0.3070
016350 0.6429 0.0393 0.0000 0.3178
016400 0.6310 0.0420 0.0000 0.3270
016450 0.6223 0.0449 0.0000 0.3328
016500 0.6177 0.0506 0.0000 0.3317
016550 0.6123 0.0691 0.0000 0.3186
016600 0.6138 0.0859 0.0000 0.3003
016650 0.6203 0.1067 0.0000 0.2730
016700 0.6345 0.1170 0.0000 0.2485
016750 0.6532 0.1182 0.0000 0.2287
016800 0.6789 0.1139 0.0000 0.2072
016850 0.7019 0.1137 0.0000 0.1844
016900 0.7232 0.1188 0.0000 0.1579
016950 0.7465 0.1239 0.0000 0.1295
017000 0.7700 0.1237 0.0000 0.1063
017050 0.7951 0.1090 0.0000 0.0959
017100 0.8182 0.0862 0.0000 0.0955
017150 0.8368 0.0672 0.0000 0.0960
017200 0.8421 0.0588 0.0000 0.0991
017250 0.8441 0.0521 0.0000 0.1037
017300 0.8489 0.0443 0.0000 0.1067
017350 0.8473 0.0386 0.0000 0.1141
017400 0.8420 0.0353 0.0000 0.1227
017450 0.8354 0.0386 0.0000 0.1259
017500 0.8274 0.0426 0.0000 0.1299
017550 0.8219 0.0456 0.0000 0.1324
017600 0.8210 0.0471 0.0000 0.1319
017650 0.8195 0.0488 0.0000 0.1318
017700 0.8185 0.0492 0.0000 0.1322
017750 0.8171 0.0491 0.0000 0.1338
017800 0.8176 0.0460 0.0000 0.1364
017850 0.8135 0.0454 0.0000 0.1411
017900 0.8125 0.0463 0.0000 0.1411
017950 0.8116 0.0491 0.0000 0.1393
018000 0.8112 0.0519 0.0000 0.1369
018050 0.8113 0.0538 0.0000 0.1350
018100 0.8169 0.0517 0.0000 0.1314
018150 0.8190 0.0477 0.0000 0.1333
018200 0.8212 0.0512 0.0000 0.1276
018250 0.8204 0.0581 0.0000 0.1216
018300 0.8260 0.0563 0.0000 0.1176
018350 0.8338 0.0530 0.0000 0.1132
018400 0.8380 0.0522 0.0000 0.1098
018450 0.8407 0.0511 0.0000 0.1081
018500 0.8436 0.0457 0.0000 0.1107
018550 0.8457 0.0408 0.0000 0.1134
018600 0.8418 0.0363 0.0000 0.1219
018650 0.8383 0.0331 0.0000 0.1286
018700 0.8323 0.0318 0.0000 0.1359
018750 0.8241 0.0339 0.0000 0.1420
018800 0.8188 0.0341 0.0000 0.1470
018850 0.8128 0.0390 0.0000 0.1482
018900 0.8083 0.0385 0.0000 0.1532
018950 0.8035 0.0351 0.0000 0.1614
019000 0.7967 0.0333 0.0000 0.1700
019050 0.7901 0.0302 0.0000 0.1797
019100 0.7809 0.0268 0.0000 0.1923
019150 0.7689 0.0281 0.0000 0.2030
019200 0.7589 0.0306 0.0000 0.2105
019250 0.7482 0.0353 0.0000 0.2165
019300 0.7421 0.0467 0.0000 0.2112
019350 0.7365 0.0604 0.0000 0.2031
019400 0.7344 0.0743 0.0000 0.1912
019450 0.7396 0.0832 0.0000 0.1772
019500 0.7511 0.0816 0.0000 0.1673
019550 0.7644 0.0746 0.0000 0.1610
019600 0.7741 0.0673 0.0000 0.1587
019650 0.7822 0.0622 0.0000 0.1556
019700 0.7888 0.0575 0.0000 0.1537
019750 0.7939 0.0575 0.0000 0.1485
019800 0.8002 0.0562 0.0000 0.1436
019850 0.8030 0.0576 0.0000 0.1394
019900 0.8079 0.0562 0.0000 0.1359
019950 0.8122 0.0565 0.0000 0.1313
020000 0.8178 0.0570 0.0000 0.1252
020050 0.8217 0.0599 0.0000 0.1184
020100 0.8248 0.0630 0.0000 0.1123
020150 0.8293 0.0635 0.0000 0.1072
020200 0.8360 0.0586 0.0000 0.1054
020250 0.8415 0.0503 0.0000 0.1082
020300 0.8441 0.0434 0.0000 0.1125
020350 0.8426 0.0414 0.0000 0.1160
020400 0.8385 0.0409 0.0000 0.1206
020450 0.8344 0.0388 0.0000 0.1268
020500 0.8321 0.0374 0.0000 0.1305
020550 0.8287 0.0346 0.0000 0.1367
020600 0.8206 0.0345 0.0000 0.1449
020650 0.8128 0.0378 0.0000 0.1494
020700 0.8058 0.0397 0.0000 0.1545
020750 0.8035 0.0415 0.0000 0.1551
020800 0.7992 0.0412 0.0000 0.1596
020850 0.7936 0.0413 0.0000 0.1651
020900 0.7911 0.0411 0.0000 0.1677
020950 0.7877 0.0445 0.0000 0.1678
021000 0.7844 0.0461 0.0000 0.1695
021050 0.7847 0.0455 0.0000 0.1698
021100 0.7824 0.0499 0.0000 0.1676
021150 0.7826 0.0525 0.0000 0.1649
021200 0.7827 0.0568 0.0000 0.1604
021250 0.7833 0.0599 0.0000 0.1568
021300 0.7880 0.0571 0.0000 0.1548
021350 0.7890 0.0514 0.0000 0.1596
021400 0.7883 0.0468 0.0000 0.1649
021450 0.7888 0.0453 0.0000 0.1659
021500 0.7846 0.0474 0.0000 0.1680
021550 0.7829 0.0478 0.0000 0.1694
021600 0.7785 0.0480 0.0000 0.1735
021650 0.7786 0.0424 0.0000 0.1790
021700 0.7746 0.0394 0.0000 0.1860
021750 0.7682 0.0384 0.0000 0.1934
021800 0.7632 0.0378 0.0000 0.1991
021850 0.7596 0.0353 0.0000 0.2050
021900 0.7487 0.0403 0.0000 0.2110
021950 0.7409 0.0493 0.0000 0.2098
022000 0.7383 0.0557 0.0000 0.2060
022050 0.7387 0.0593 0.0000 0.2020
022100 0.7391 0.0614 0.0000 0.1994
022150 0.7408 0.0624 0.0000 0.1968
022200 0.7431 0.0636 0.0000 0.1934
022250 0.7450 0.0632 0.0000 0.1918
022300 0.7454 0.0635 0.0000 0.1912
022350 0.7456 0.0632 0.0000 0.1912
022400 0.7504 0.0612 0.0000 0.1884
022450 0.7518 0.0627 0.0000 0.1855
022500 0.7551 0.0647 0.0000 0.1802
022550 0.7622 0.0646 0.0000 0.1733
022600 0.7680 0.0678 0.0000 0.1642
022650 0.7725 0.0688 0.0000 0.1587
022700 0.7781 0.0657 0.0000 0.1562
022750 0.7844 0.0629 0.0000 0.1527
022800 0.7896 0.0576 0.0000 0.1527
022850 0.7913 0.0558 0.0000 0.1529
022900 0.7932 0.0526 0.0000 0.1542
022950 0.7927 0.0502 0.0000 0.1571
023000 0.7896 0.0527 0.0000 0.1577
023050 0.7869 0.0530 0.0000 0.1601
023100 0.7848 0.0538 0.0000 0.1614
023150 0.7832 0.0536 0.0000 0.1632
023200 0.7806 0.0561 0.0000 0.1633
023250 0.7773 0.0584 0.0000 0.1643
023300 0.7735 0.0584 0.0000 0.1681
023350 0.7692 0.0548 0.0000 0.1760
023400 0.7674 0.0555 0.0000 0.1771
023450 0.7639 0.0577 0.0000 0.1784
023500 0.7622 0.0588 0.0000 0.1790
023550 0.7601 0.0545 0.0000 0.1854
023600 0.7569 0.0508 0.0000 0.1923
023650 0.7520 0.0484 0.0000 0.1996
023700 0.7436 0.0521 0.0000 0.2044
023750 0.7357 0.0589 0.0000 0.2054
023800 0.7322 0.0692 0.0000 0.1987
023850 0.7372 0.0725 0.0000 0.1903
023900 0.7443 0.0784 0.0000 0.1773
023950 0.7547 0.0831 0.0000 0.1622
024000 0.7667 0.0849 0.0000 0.1483
024050 0.7802 0.0817 0.0000 0.1381
024100 0.7940 0.0744 0.0000 0.1316
024150 0.8058 0.0698 0.0000 0.1244
024200 0.8172 0.0654 0.0000 0.1175
024250 0.8247 0.0626 0.0000 0.1127
024300 0.8262 0.0616 0.0000 0.1122
024350 0.8319 0.0570 0.0000 0.1111
024400 0.8348 0.0518 0.0000 0.1134
024450 0.8374 0.0462 0.0000 0.1164
024500 0.8348 0.0449 0.0000 0.1203
024550 0.8318 0.0439 0.0000 0.1243
024600 0.8300 0.0396 0.0000 0.1304
024650 0.8233 0.0370 0.0000 0.1396
024700 0.8177 0.0361 0.0000 0.1462
024750 0.8107 0.0348 0.0000 0.1545
024800 0.7986 0.0350 0.0000 0.1664
024850 0.7878 0.0381 0.0000 0.1741
024900 0.7787 0.0388 0.0000 0.1825
024950 0.7698 0.0422 0.0000 0.1879
025000 0.7641 0.0424 0.0000 0.1935
025050 0.7556 0.0429 0.0000 0.2015
025100 0.7463 0.0448 0.0000 0.2088
025150 0.7403 0.0484 0.0000 0.2114
025200 0.7331 0.0540 0.0000 0.2129
025250 0.7301 0.0604 0.0000 0.2095
025300 0.7314 0.0656 0.0000 0.2031
025350 0.7349 0.0673 0.0000 0.1978
025400 0.7379 0.0708 0.0000 0.1913
025450 0.7448 0.0706 0.0000 0.1846
025500 0.7496 0.0678 0.0000 0.1826
025550 0.7564 0.0669 0.0000 0.1767
025600 0.7601 0.0673 0.0000 0.1726
025650 0.7677 0.0637 0.0000 0.1686
025700 0.7733 0.0619 0.0000 0.1648
025750 0.7783 0.0634 0.0000 0.1582
025800 0.7798 0.0673 0.0000 0.1529
025850 0.7834 0.0662 0.0000 0.1504
025900 0.7868 0.0628 0.0000 0.1504
025950 0.7889 0.0600 0.0000 0.1510
026000 0.7935 0.0537 0.0000 0.1528
026050 0.7927 0.0545 0.0000 0.1528
026100 0.7932 0.0559 0.0000 0.1509
026150 0.7914 0.0591 0.0000 0.1495
026200 0.7887 0.0645 0.0000 0.1468
026250 0.7903 0.0668 0.0000 0.1429
026300 0.7947 0.0642 0.0000 0.1411
026350 0.7975 0.0629 0.0000 0.1396
026400 0.8003 0.0616 0.0000 0.1381
026450 0.8040 0.0586 0.0000 0.1374
026500 0.8060 0.0567 0.0000 0.1374
026550 0.8084 0.0521 0.0000 0.1395
026600 0.8075 0.0518 0.0000 0.1408
026650 0.8075 0.0515 0.0000 0.1410
026700 0.8087 0.0501 0.0000 0.1412
026750 0.8072 0.0491 0.0000 0.1436
026800 0.8062 0.0472 0.0000 0.1466
026850 0.8032 0.0479 0.0000 0.1489
026900 0.8020 0.0492 0.0000 0.1488
026950 0.8040 0.0484 0.0000 0.1477
027000 0.8040 0.0449 0.0000 0.1511
027050 0.8015 0.0406 0.0000 0.1579
027100 0.8001 0.0369 0.0000 0.1630
027150 0.7938 0.0365 0.0000 0.1698
027200 0.7858 0.0386 0.0000 0.1756
027250 0.7792 0.0388 0.0000 0.1821
027300 0.7709 0.0407 0.0000 0.1884
027350 0.7639 0.0443 0.0000 0.1918
027400 0.7577 0.0506 0.0000 0.1917
027450 0.7520 0.0585 0.0000 0.1894
027500 0.7508 0.0639 0.0000 0.1854
027550 0.7521 0.0668 0.0000 0.1811
027600 0.7552 0.0687 0.0000 0.1761
027650 0.7599 0.0675 0.0000 0.1726
027700 0.7666 0.0622 0.0000 0.1712
027750 0.7701 0.0595 0.0000 0.1705
027800 0.7734 0.0574 0.0000 0.1692
027850 0.7747 0.0528 0.0000 0.1725
027900 0.7752 0.0492 0.0000 0.1757
027950 0.7735 0.0488 0.0000 0.1777
028000 0.7725 0.0535 0.0000 0.1739
028050 0.7718 0.0585 0.0000 0.1697
028100 0.7697 0.0660 0.0000 0.1642
028150 0.7711 0.0694 0.0000 0.1595
028200 0.7778 0.0709 0.0000 0.1513
028250 0.7829 0.0711 0.0000 0.1460
028300 0.7858 0.0712 0.0000 0.1430
028350 0.7928 0.0644 0.0000 0.1429
028400 0.7971 0.0600 0.0000 0.1429
028450 0.8013 0.0543 0.0000 0.1444
028500 0.8062 0.0511 0.0000 0.1427
028550 0.8066 0.0466 0.0000 0.1468
028600 0.8065 0.0462 0.0000 0.1474
028650 0.8009 0.0506 0.0000 0.1485
028700 0.7993 0.0550 0.0000 0.1457
028750 0.7998 0.0586 0.0000 0.1416
028800 0.7997 0.0592 0.0000 0.1411
028850 0.8004 0.0591 0.0000 0.1405
028900 0.7999 0.0579 0.0000 0.1423
028950 0.8007 0.0556 0.0000 0.1437
029000 0.8002 0.0551 0.0000 0.1447
029050 0.7985 0.0556 0.0000 0.1459
029100 0.7986 0.0542 0.0000 0.1472
029150 0.7988 0.0530 0.0000 0.1481
029200 0.7992 0.0534 0.0000 0.1473
029250 0.7986 0.0527 0.0000 0.1488
029300 0.7969 0.0513 0.0000 0.1518
029350 0.7953 0.0498 0.0000 0.1549
029400 0.7920 0.0518 0.0000 0.1562
029450 0.7891 0.0565 0.0000 0.1545
029500 0.7891 0.0596 0.0000 0.1512
029550 0.7893 0.0578 0.0000 0.1529
029600 0.7891 0.0518 0.0000 0.1591
029650 0.7897 0.0453 0.0000 0.1651
029700 0.7863 0.0454 0.0000 0.1683
029750 0.7809 0.0506 0.0000 0.1684
029800 0.7777 0.0591 0.0000 0.1632
029850 0.7785 0.0629 0.0000 0.1585
029900 0.7811 0.0647 0.0000 0.1542
029950 0.7870 0.0627 0.0000 0.1504
030000 0.7909 0.0618 0.0000 0.1473
030050 0.7943 0.0598 0.0000 0.1459
030100 0.7989 0.0555 0.0000 0.1456
030150 0.8029 0.0479 0.0000 0.1492
030200 0.8052 0.0459 0.0000 0.1488
030250 0.8073 0.0435 0.0000 0.1492
030300 0.8056 0.0418 0.0000 0.1526
030350 0.8023 0.0465 0.0000 0.1512
030400 0.8014 0.0561 0.0000 0.1425
030450 0.8054 0.0608 0.0000 0.1338
030500 0.8082 0.0640 0.0000 0.1277
030550 0.8136 0.0667 0.0000 0.1198
030600 0.8207 0.0627 0.0000 0.1166
030650 0.8261 0.0580 0.0000 0.1159
030700 0.8286 0.0487 0.0000 0.1227
030750 0.8284 0.0418 0.0000 0.1298
030800 0.8245 0.0368 0.0000 0.1387
030850 0.8187 0.0336 0.0000 0.1477
030900 0.8121 0.0324 0.0000 0.1555
030950 0.8016 0.0315 0.0000 0.1669
031000 0.7921 0.0295 0.0000 0.1784
031050 0.7816 0.0309 0.0000 0.1875
031100 0.7690 0.0337 0.0000 0.1973
031150 0.7569 0.0368 0.0000 0.2063
031200 0.7483 0.0370 0.0000 0.2147
031250 0.7410 0.0386 0.0000 0.2204
031300 0.7327 0.0417 0.0000 0.2256
031350 0.7265 0.0491 0.0000 0.2245
031400 0.7210 0.0592 0.0000 0.2198
031450 0.7173 0.0654 0.0000 0.2173
031500 0.7193 0.0675 0.0000 0.2132
031550 0.7246 0.0682 0.0000 0.2072
031600 0.7311 0.0697 0.0000 0.1993
031650 0.7375 0.0717 0.0000 0.1908
031700 0.7461 0.0716 0.0000 0.1823
031750 0.7536 0.0695 0.0000 0.1770
031800 0.7646 0.0670 0.0000 0.1684
031850 0.7715 0.0676 0.0000 0.1609
031900 0.7746 0.0705 0.0000 0.1549
031950 0.7842 0.0686 0.0000 0.1471
032000 0.7918 0.0666 0.0000 0.1416
032050 0.7986 0.0612 0.0000 0.1402
032100 0.8051 0.0565 0.0000 0.1384
032150 0.8075 0.0523 0.0000 0.1402
032200 0.8066 0.0520 0.0000 0.1413
032250 0.8112 0.0493 0.0000 0.1394
032300 0.8110 0.0503 0.0000 0.1387
032350 0.8136 0.0519 0.0000 0.1345
032400 0.8136 0.0520 0.0000 0.1344
032450 0.8137 0.0468 0.0000 0.1395
032500 0.8101 0.0433 0.0000 0.1466
032550 0.8055 0.0392 0.0000 0.1554
032600 0.7991 0.0384 0.0000 0.1626
032650 0.7925 0.0414 0.0000 0.1661
032700 0.7847 0.0489 0.0000 0.1664
032750 0.7766 0.0546 0.0000 0.1687
032800 0.7743 0.0594 0.0000 0.1663
032850 0.7744 0.0564 0.0000 0.1692
032900 0.7744 0.0502 0.0000 0.1754
032950 0.7729 0.0450 0.0000 0.1820
033000 0.7658 0.0457 0.0000 0.1886
033050 0.7587 0.0488 0.0000 0.1925
033100 0.7555 0.0521 0.0000 0.1924
033150 0.7518 0.0548 0.0000 0.1934
033200 0.7545 0.0570 0.0000 0.1885
033250 0.7568 0.0593 0.0000 0.1839
033300 0.7565 0.0653 0.0000 0.1782
033350 0.7616 0.0704 0.0000 0.1680
033400 0.7652 0.0755 0.0000 0.1593
033450 0.7729 0.0773 0.0000 0.1498
033500 0.7834 0.0774 0.0000 0.1391
033550 0.7944 0.0749 0.0000 0.1307
033600 0.8044 0.0711 0.0000 0.1245
033650 0.8126 0.0689 0.0000 0.1185
033700 0.8239 0.0659 0.0000 0.1101
033750 0.8305 0.0603 0.0000 0.1093
033800 0.8358 0.0525 0.0000 0.1118
033850 0.8399 0.0439 0.0000 0.1162
033900 0.8397 0.0364 0.0000 0.1239
033950 0.8340 0.0326 0.0000 0.1333
034000 0.8265 0.0348 0.0000 0.1387
034050 0.8193 0.0378 0.0000 0.1429
034100 0.8129 0.0370 0.0000 0.1501
034150 0.8059 0.0346 0.0000 0.1594
034200 0.7980 0.0325 0.0000 0.1695
034250 0.7875 0.0301 0.0000 0.1824
034300 0.7744 0.0285 0.0000 0.1971
034350 0.7605 0.0265 0.0000 0.2129
034400 0.7485 0.0261 0.0000 0.2254
034450 0.7353 0.0291 0.0000 0.2357
034500 0.7209 0.0356 0.0000 0.2435
034550 0.7120 0.0397 0.0000 0.2483
034600 0.7057 0.0449 0.0000 0.2494
034650 0.6992 0.0504 0.0000 0.2504
034700 0.6931 0.0575 0.0000 0.2494
034750 0.6911 0.0637 0.0000 0.2451
034800 0.6874 0.0724 0.0000 0.2402
034850 0.6894 0.0835 0.0000 0.2271
034900 0.6956 0.0925 0.0000 0.2119
034950 0.7085 0.0981 0.0000 0.1934
035000 0.7263 0.0993 0.0000 0.1744
035050 0.7427 0.0966 0.0000 0.1607
035100 0.7620 0.0928 0.0000 0.1452
035150 0.7820 0.0842 0.0000 0.1338
035200 0.7998 0.0774 0.0000 0.1228
035250 0.8107 0.0700 0.0000 0.1193
035300 0.8176 0.0619 0.0000 0.1205
035350 0.8257 0.0522 0.0000 0.1221
035400 0.8290 0.0463 0.0000 0.1248
035450 0.8273 0.0438 0.0000 0.1289
035500 0.8248 0.0412 0.0000 0.1340
035550 0.8173 0.0372 0.0000 0.1454
035600 0.8067 0.0383 0.0000 0.1550
035650 0.7978 0.0392 0.0000 0.1630
035700 0.7914 0.0400 0.0000 0.1686
035750 0.7834 0.0453 0.0000 0.1713
035800 0.7776 0.0496 0.0000 0.1728
035850 0.7742 0.0504 0.0000 0.1754
035900 0.7702 0.0515 0.0000 0.1783
035950 0.7699 0.0514 0.0000 0.1786
036000 0.7647 0.0556 0.0000 0.1797
036050 0.7637 0.0582 0.0000 0.1781
036100 0.7668 0.0558 0.0000 0.1774
036150 0.7698 0.0535 0.0000 0.1768
036200 0.7747 0.0543 0.0000 0.1710
036250 0.7735 0.0576 0.0000 0.1689
036300 0.7756 0.0575 0.0000 0.1669
036350 0.7778 0.0575 0.0000 0.1647
036400 0.7815 0.0579 0.0000 0.1606
036450 0.7818 0.0589 0.0000 0.1593
036500 0.7847 0.0555 0.0000 0.1598
036550 0.7854 0.0518 0.0000 0.1628
036600 0.7813 0.0509 0.0000 0.1679
036650 0.7775 0.0507 0.0000 0.1718
036700 0.7773 0.0529 0.0000 0.1698
036750 0.7793 0.0533 0.0000 0.1674
036800 0.7781 0.0594 0.0000 0.1625
036850 0.7803 0.0634 0.0000 0.1564
036900 0.7857 0.0632 0.0000 0.1512
036950 0.7923 0.0629 0.0000 0.1448
037000 0.7971 0.0659 0.0000 0.1369
037050 0.8042 0.0653 0.0000 0.1306
037100 0.8067 0.0675 0.0000 0.1258
037150 0.8100 0.0648 0.0000 0.1252
037200 0.8134 0.0593 0.0000 0.1273
037250 0.8180 0.0505 0.0000 0.1315
037300 0.8210 0.0428 0.0000 0.1362
037350 0.8171 0.0438 0.0000 0.1392
037400 0.8129 0.0443 0.0000 0.1428
037450 0.8094 0.0444 0.0000 0.1462
037500 0.8070 0.0465 0.0000 0.1465
037550 0.8031 0.0519 0.0000 0.1450
037600 0.8044 0.0518 0.0000 0.1438
037650 0.8031 0.0521 0.0000 0.1448
037700 0.8047 0.0541 0.0000 0.1412
037750 0.8089 0.0521 0.0000 0.1390
037800 0.8081 0.0485 0.0000 0.1434
037850 0.8047 0.0469 0.0000 0.1484
037900 0.8017 0.0479 0.0000 0.1504
037950 0.7991 0.0523 0.0000 0.1485
038000 0.7989 0.0546 0.0000 0.1465
038050 0.8004 0.0536 0.0000 0.1460
038100 0.7996 0.0487 0.0000 0.1517
038150 0.7956 0.0491 0.0000 0.1553
038200 0.7954 0.0476 0.0000 0.1571
038250 0.7925 0.0487 0.0000 0.1588
038300 0.7927 0.0476 0.0000 0.1597
038350 0.7895 0.0480 0.0000 0.1625
038400 0.7870 0.0481 0.0000 0.1648
038450 0.7859 0.0499 0.0000 0.1642
038500 0.7864 0.0509 0.0000 0.1627
038550 0.7830 0.0507 0.0000 0.1663
038600 0.7826 0.0475 0.0000 0.1699
038650 0.7802 0.0467 0.0000 0.1731
038700 0.7767 0.0448 0.0000 0.1785
038750 0.7717 0.0449 0.0000 0.1833
038800 0.7678 0.0460 0.0000 0.1862
038850 0.7602 0.0489 0.0000 0.1909
038900 0.7539 0.0510 0.0000 0.1950
038950 0.7461 0.0547 0.0000 0.1993
039000 0.7429 0.0533 0.0000 0.2038
039050 0.7382 0.0545 0.0000 0.2073
039100 0.7344 0.0587 0.0000 0.2068
039150 0.7328 0.0647 0.0000 0.2025
039200 0.7317 0.0732 0.0000 0.1951
039250 0.7379 0.0782 0.0000 0.1839
039300 0.7498 0.0758 0.0000 0.1744
039350 0.7589 0.0748 0.0000 0.1662
039400 0.7682 0.0759 0.0000 0.1559
039450 0.7779 0.0785 0.0000 0.1435
039500 0.7859 0.0786 0.0000 0.1355
039550 0.7974 0.0754 0.0000 0.1271
039600 0.8074 0.0723 0.0000 0.1204
039650 0.8152 0.0675 0.0000 0.1173
039700 0.8228 0.0623 0.0000 0.1149
039750 0.8271 0.0571 0.0000 0.1158
039800 0.8295 0.0514 0.0000 0.1190
039850 0.8268 0.0463 0.0000 0.1269
039900 0.8244 0.0402 0.0000 0.1355
039950 0.8225 0.0351 0.0000 0.1424
040000 0.8159 0.0366 0.0000 0.1475
040050 0.8077 0.0412 0.0000 0.1512
040100 0.8033 0.0448 0.0000 0.1519
040150 0.7974 0.0471 0.0000 0.1555
040200 0.7932 0.0486 0.0000 0.1582
040250 0.7929 0.0481 0.0000 0.1590
040300 0.7929 0.0481 0.0000 0.1590
040350 0.7929 0.0481 0.0000 0.1590
040400 0.7929 0.0481 0.0000 0.1590
040450 0.7929 0.0481 0.0000 0.1590
040500 0.7929 0.0481 0.0000 0.1590
040550 0.7929 0.0481 0.0000 0.1590
040600 0.7929 0.0481 0.0000 0.1590
040650 0.7929 0.0481 0.0000 0.1590
040700 0.7929 0.0481 0.0000 0.1590
040750 0.7929 0.0481 0.0000 0.1590
040800 0.7929 0.0481 0.0000 0.1590
040850 0.7929 0.0481 0.0000 0.1590
040900 0.7929 0.0481 0.0000 0.1590
040950 0.7929 0.0481 0.0000 0.1590
041000 0.7929 0.0481 0.0000 0.1590
041050 0.7929 0.0481 0.0000 0.1590
041100 0.7929 0.0481 0.0000 0.1590
041150 0.7929 0.0481 0.0000 0.1590
041200 0.7929 0.0481 0.0000 0.1590
041250 0.7929 0.0481 0.0000 0.1590
041300 0.7929 0.0481 0.0000 0.1590
041350 0.7929 0.0481 0.0000 0.1590
041400 0.7929 0.0481 0.0000 0.1590
041450 0.7929 0.0481 0.0000 0.1590
041500 0.7929 0.0481 0.0000 0.1590
041550 0.7929 0.0481 0.0000 0.1590
041600 0.7929 0.0481 0.0000 0.1590
041650 0.7929 0.0481 0.0000 0.1590
041700 0.7929 0.0481 0.0000 0.1590
041750 0.7929 0.0481 0.0000 0.1590
041800 0.7929 0.0481 0.0000 0.1590
041850 0.7929 0.0481 0.0000 0.1590
041900 0.7929 0.0481 0.0000 0.1590
041950 0.7929 0.0481 0.0000 0.1590
042000 0.7929 0.0481 0.0000 0.1590
042050 0.7929 0.0481 0.0000 0.1590
042100 0.7929 0.0481 0.0000 0.1590
042150 0.7929 0.0481 0.0000 0.1590
042200 0.7929 0.0481 0.0000 0.1590
042250 0.7929 0.0481 0.0000 0.1590
042300 0.7929 0.0481 0.0000 0.1590
042350 0.7929 0.0481 0.0000 0.1590
042400 0.7929 0.0481 0.0000 0.1590
042450 0.7929 0.0481 0.0000 0.1590
042500 0.7929 0.0481 0.0000 0.1590
042550 0.7929 0.0481 0.0000 0.1590
042600 0.7929 0.0481 0.0000 0.1590
042650 0.7929 0.0481 0.0000 0.1590
042700 0.7929 0.0481 0.0000 0.1590
042750 0.7929 0.0481 0.0000 0.1590
042800 0.7929 0.0481 0.0000 0.1590
042850 0.7929 0.0481 0.0000 0.1590
042900 0.7929 0.0481 0.0000 0.1590
042950 0.7929 0.0481 0.0000 0.1590
043000 0.7929 0.0481 0.0000 0.1590
043050 0.7929 0.0481 0.0000 0.1590
043100 0.7929 0.0481 0.0000 0.1590
043150 0.7929 0.0481 0.0000 0.1590
043200 0.7929 0.0481 0.0000 0.1590
043250 0.7929 0.0481 0.0000 0.1590
043300 0.7929 0.0481 0.0000 0.1590
043350 0.7929 0.0481 0.0000 0.1590
043400 0.7929 0.0481 0.0000 0.1590
043450 0.7929 0.0481 0.0000 0.1590
043500 0.7929 0.0481 0.0000 0.1590
043550 0.7929 0.0481 0.0000 0.1590
043600 0.7929 0.0481 0.0000 0.1590
043650 0.7929 0.0481 0.0000 0.1590
043700 0.7929 0.0481 0.0000 0.1590
043750 0.7929 0.0481 0.0000 0.1590
043800 0.7929 0.0481 0.0000 0.1590
043850 0.7929 0.0481 0.0000 0.1590
043900 0.7929 0.0481 0.0000 0.1590
043950 0.7929 0.0481 0.0000 0.1590
044000 0.7929 0.0481 0.0000 0.1590
044050 0.7929 0.0481 0.0000 0.1590
044100 0.7929 0.0481 0.0000 0.1590
044150 0.7929 0.0481 0.0000 0.1590
044200 0.7929 0.0481 0.0000 0.1590
044250 0.7929 0.0481 0.0000 0.1590
044300 0.7929 0.0481 0.0000 0.1590
044350 0.7929 0.0481 0.0000 0.1590
044400 0.7929 0.0481 0.0000 0.1590
044450 0.7929 0.0481 0.0000 0.1590
044500 0.7929 0.0481 0.0000 0.1590
044550 0.7929 0.0481 0.0000 0.1590
044600 0.7929 0.0481 0.0000 0.1590
044650 0.7929 0.0481 0.0000 0.1590
044700 0.7929 0.0481 0.0000 0.1590
044750 0.7929 0.0481 0.0000 0.1590
044800 0.7929 0.0481 0.0000 0.1590
044850 0.7929 0.0481 0.0000 0.1590
044900 0.7929 0.0481 0.0000 0.1590
044950 0.7929 0.0481 0.0000 0.1590
045000 0.7929 0.0481 0.0000 0.1590
045050 0.7929 0.0481 0.0000 0.1590
045100 0.7929 0.0481 0.0000 0.1590
045150 0.7929 0.0481 0.0000 0.1590
045200 0.7929 0.0481 0.0000 0.1590
045250 0.7929 0.0481 0.0000 0.1590
045300 0.7929 0.0481 0.0000 0.1590
045350 0.7929 0.0481 0.0000 0.1590
045400 0.7929 0.0481 0.0000 0.1590
045450 0.7929 0.0481 0.0000 0.1590
045500 0.7929 0.0481 0.0000 0.1590
045550 0.7929 0.0481 0.0000 0.1590
045600 0.7929 0.0481 0.0000 0.1590
045650 0.7929 0.0481 0.0000 0.1590
045700 0.7929 0.0481 0.0000 0.1590
045750 0.7929 0.0481 0.0000 0.1590
045800 0.7929 0.0481 0.0000 0.1590
045850 0.7929 0.0481 0.0000 0.1590
045900 0.7929 0.0481 0.0000 0.1590
045950 0.7929 0.0481 0.0000 0.1590
046000 0.7929 0.0481 0.0000 0.1590
046050 0.7929 0.0481 0.0000 0.1590
046100 0.7929 0.0481 0.0000 0.1590
046150 0.7929 0.0481 0.0000 0.1590
046200 0.7929 0.0481 0.0000 0.1590
046250 0.7929 0.0481 0.0000 0.1590
046300 0.7929 0.0481 0.0000 0.1590
046350 0.7929 0.0481 0.0000 0.1590
046400 0.7929 0.0481 0.0000 0.1590
046450 0.7929 0.0481 0.0000 0.1590
046500 0.7929 0.0481 0.0000 0.1590
046550 0.7929 0.0481 0.0000 0.1590
046600 0.7929 0.0481 0.0000 0.1590
046650 0.7929 0.0481 0.0000 0.1590
046700 0.7929 0.0481 0.0000 0.1590
046750 0.7929 0.0481 0.0000 0.1590
046800 0.7929 0.0481 0.0000 0.1590
046850 0.7929 0.0481 0.0000 0.1590
046900 0.7929 0.0481 0.0000 0.1590
046950 0.7929 0.0481 0.0000 0.1590
047000 0.7929 0.0481 0.0000 0.1590
047050 0.7929 0.0481 0.0000 0.1590
047100 0.7929 0.0481 0.0000 0.1590
047150 0.7929 0.0481 0.0000 0.1590
047200 0.7929 0.0481 0.0000 0.1590
047250 0.7929 0.0481 0.0000 0.1590
047300 0.7929 0.0481 0.0000 0.1590
047350 0.7929 0.0481 0.0000 0.1590
047400 0.7929 0.0481 0.0000 0.1590
047450 0.7929 0.0481 0.0000 0.1590
047500 0.7929 0.0481 0.0000 0.1590
047550 0.7929 0.0481 0.0000 0.1590
047600 0.7929 0.0481 0.0000 0.1590
047650 0.7929 0.0481 0.0000 0.1590
047700 0.7929 0.0481 0.0000 0.1590
047750 0.7929 0.0481 0.0000 0.1590
047800 0.7929 0.0481 0.0000 0.1590
047850 0.7929 0.0481 0.0000 0.1590
047900 0.7929 0.0481 0.0000 0.1590
047950 0.7929 0.0481 0.0000 0.1590
048000 0.7929 0.0481 0.0000 0.1590
048050 0.7929 0.0481 0.0000 0.1590
048100 0.7929 0.0481 0.0000 0.1590
048150 0.7929 0.0481 0.0000 0.1590
048200 0.7929 0.0481 0.0000 0.1590
048250 0.7929 0.0481 0.0000 0.1590
048300 0.7929 0.0481 0.0000 0.1590
048350 0.7929 0.0481 0.0000 0.1590
048400 0.7929 0.0481 0.0000 0.1590
048450 0.7929 0.0481 0.0000 0.1590
048500 0.7929 0.0481 0.0000 0.1590
048550 0.7929 0.0481 0.0000 0.1590
048600 0.7929 0.0481 0.0000 0.1590
048650 0.7929 0.0481 0.0000 0.1590
048700 0.7929 0.0481 0.0000 0.1590
048750 0.7929 0.0481 0.0000 0.1590
048800 0.7929 0.0481 0.0000 0.1590
048850 0.7929 0.0481 0.0000 0.1590
048900 0.7929 0.0481 0.0000 0.1590
048950 0.7929 0.0481 0.0000 0.1590
049000 0.7929 0.0481 0.0000 0.1590
049050 0.7929 0.0481 0.0000 0.1590
049100 0.7929 0.0481 0.0000 0.1590
049150 0.7929 0.0481 0.0000 0.1590
049200 0.7929 0.0481 0.0000 0.1590
049250 0.7929 0.0481 0.0000 0.1590
049300 0.7929 0.0481 0.0000 0.1590
049350 0.7929 0.0481 0.0000 0.1590
049400 0.7929 0.0481 0.0000 0.1590
049450 0.7929 0.0481 0.0000 0.1590
049500 0.7929 0.0481 0.0000 0.1590
049550 0.7929 0.0481 0.0000 0.1590
049600 0.7929 0.0481 0.0000 0.1590
049650 0.7929 0.0481 0.0000 0.1590
049700 0.7929 0.0481 0.0000 0.1590
049750 0.7929 0.0481 0.0000 0.1590
049800 0.7929 0.0481 0.0000 0.1590
049850 0.7929 0.0481 0.0000 0.1590
049900 0.7929 0.0481 0.0000 0.1590
049950 0.7929 0.0481 0.0000 0.1590
050000 0.7929 0.0481 0.0000 0.1590
050050 0.7929 0.0481 0.0000 0.1590
050100 0.7929 0.0481 0.0000 0.1590
050150 0.7929 0.0481 0.0000 0.1590
050200 0.7929 0.0481 0.0000 0.1590
050250 0.7929 0.0481 0.0000 0.1590
050300 0.7929 0.0481 0.0000 0.1590
050350 0.7929 0.0481 0.0000 0.1590
050400 0.7929 0.0481 0.0000 0.1590
050450 0.7929 0.0481 0.0000 0.1590
050500 0.7929 0.0481 0.0000 0.1590
050550 0.7929 0.0481 0.0000 0.1590
050600 0.7929 0.0481 0.0000 0.1590
050650 0.7929 0.0481 0.0000 0.1590
050700 0.7929 0.0481 0.0000 0.1590
050750 0.7929 0.0481 0.0000 0.1590
050800 0.7929 0.0481 0.0000 0.1590
050850 0.7929 0.0481 0.0000 0.1590
050900 0.7929 0.0481 0.0000 0.1590
050950 0.7929 0.0481 0.0000 0.1590
051000 0.7929 0.0481 0.0000 0.1590
051050 0.7929 0.0481 0.0000 0.1590
051100 0.7929 0.0481 0.0000 0.1590
051150 0.7929 0.0481 0.0000 0.1590
051200 0.7929 0.0481 0.0000 0.1590
051250 0.7929 0.0481 0.0000 0.1590
051300 0.7929 0.0481 0.0000 0.1590
051350 0.7929 0.0481 0.0000 0.1590
051400 0.7929 0.0481 0.0000 0.1590
051450 0.7929 0.0481 0.0000 0.1590
051500 0.7929 0.0481 0.0000 0.1590
051550 0.7929 0.0481 0.0000 0.1590
051600 0.7929 0.0481 0.0000 0.1590
051650 0.7929 0.0481 0.0000 0.1590
051700 0.7929 0.0481 0.0000 0.1590
051750 0.7929 0.0481 0.0000 0.1590
051800 0.7929 0.0481 0.0000 0.1590
051850 0.7929 0.0481 0.0000 0.1590
051900 0.7929 0.0481 0.0000 0.1590
051950 0.7929 0.0481 0.0000 0.1590
052000 0.7929 0.0481 0.0000 0.1590
052050 0.7929 0.0481 0.0000 0.1590
052100 0.7929 0.0481 0.0000 0.1590
052150 0.7929 0.0481 0.0000 0.1590
052200 0.7929 0.0481 0.0000 0.1590
052250 0.7929 0.0481 0.0000 0.1590
052300 0.7929 0.0481 0.0000 0.1590
052350 0.7929 0.0481 0.0000 0.1590
052400 0.7929 0.0481 0.0000 0.1590
052450 0.7929 0.0481 0.0000 0.1590
052500 0.7929 0.0481 0.0000 0.1590
052550 0.7929 0.0481 0.0000 0.1590
052600 0.7929 0.0481 0.0000 0.1590
052650 0.7929 0.0481 0.0000 0.1590
052700 0.7929 0.0481 0.0000 0.1590
052750 0.7929 0.0481 0.0000 0.1590
052800 0.7929 0.0481 0.0000 0.1590
052850 0.7929 0.0481 0.0000 0.1590
052900 0.7929 0.0481 0.0000 0.1590
052950 0.7929 0.0481 0.0000 0.1590
053000 0.7929 0.0481 0.0000 0.1590
053050 0.7929 0.0481 0.0000 0.1590
053100 0.7929 0.0481 0.0000 0.1590
053150 0.7929 0.0481 0.0000 0.1590
053200 0.7929 0.0481 0.0000 0.1590
053250 0.7929 0.0481 0.0000 0.1590
053300 0.7929 0.0481 0.0000 0.1590
053350 0.7929 0.0481 0.0000 0.1590
053400 0.7929 0.0481 0.0000 0.1590
053450 0.7929 0.0481 0.0000 0.1590
053500 0.7929 0.0481 0.0000 0.1590
053550 0.7929 0.0481 0.0000 0.1590
053600 0.7929 0.0481 0.0000 0.1590
053650 0.7929 0.0481 0.0000 0.1590
053700 0.7929 0.0481 0.0000 0.1590
053750 0.7929 0.0481 0.0000 0.1590
053800 0.7929 0.0481 0.0000 0.1590
053850 0.7929 0.0481 0.0000 0.1590
053900 0.7929 0.0481 0.0000 0.1590
053950 0.7929 0.0481 0.0000 0.1590
054000 0.7929 0.0481 0.0000 0.1590
054050 0.7929 0.0481 0.0000 0.1590
054100 0.7929 0.0481 0.0000 0.1590
054150 0.7929 0.0481 0.0000 0.1590
054200 0.7929 0.0481 0.0000 0.1590
054250 0.7929 0.0481 0.0000 0.1590
054300 0.7929 0.0481 0.0000 0.1590
054350 0.7929 0.0481 0.0000 0.1590
054400 0.7929 0.0481 0.0000 0.1590
054450 0.7929 0.0481 0.0000 0.1590
054500 0.7929 0.0481 0.0000 0.1590
054550 0.7929 0.0481 0.0000 0.1590
054600 0.7929 0.0481 0.0000 0.1590
054650 0.7929 0.0481 0.0000 0.1590
054700 0.7929 0.0481 0.0000 0.1590
054750 0.7929 0.0481 0.0000 0.1590
054800 0.7929 0.0481 0.0000 0.1590
054850 0.7929 0.0481 0.0000 0.1590
054900 0.7929 0.0481 0.0000 0.1590
054950 0.7929 0.0481 0.0000 0.1590
055000 0.7929 0.0481 0.0000 0.1590
055050 0.7929 0.0481 0.0000 0.1590
055100 0.7929 0.0481 0.0000 0.1590
055150 0.7929 0.0481 0.0000 0.1590
055200 0.7929 0.0481 0.0000 0.1590
055250 0.7929 0.0481 0.0000 0.1590
055300 0.7929 0.0481 0.0000 0.1590
055350 0.7929 0.0481 0.0000 0.1590
055400 0.7929 0.0481 0.0000 0.1590
055450 0.7929 0.0481 0.0000 0.1590
055500 0.7929 0.0481 0.0000 0.1590
055550 0.7929 0.0481 0.0000 0.1590
055600 0.7929 0.0481 0.0000 0.1590
055650 0.7929 0.0481 0.0000 0.1590
055700 0.7929 0.0481 0.0000 0.1590
055750 0.7929 0.0481 0.0000 0.1590
055800 0.7929 0.0481 0.0000 0.1590
055850 0.7929 0.0481 0.0000 0.1590
055900 0.7929 0.0481 0.0000 0.1590
055950 0.7929 0.0481 0.0000 0.1590
056000 0.7929 0.0481 0.0000 0.1590
056050 0.7929 0.0481 0.0000 0.1590
056100 0.7929 0.0481 0.0000 0.1590
056150 0.7929 0.0481 0.0000 0.1590
056200 0.7929 0.0481 0.0000 0.1590
056250 0.7929 0.0481 0.0000 0.1590
056300 0.7929 0.0481 0.0000 0.1590
056350 0.7929 0.0481 0.0000 0.1590
056400 0.7929 0.0481 0.0000 0.1590
056450 0.7929 0.0481 0.0000 0.1590
056500 0.7929 0.0481 0.0000 0.1590
056550 0.7929 0.0481 0.0000 0.1590
056600 0.7929 0.0481 0.0000 0.1590
056650 0.7929 0.0481 0.0000 0.1590
056700 0.7929 0.0481 0.0000 0.1590
056750 0.7929 0.0481 0.0000 0.1590
056800 0.7929 0.0481 0.0000 0.1590
056850 0.7929 0.0481 0.0000 0.1590
056900 0.7929 0.0481 0.0000 0.1590
056950 0.7929 0.0481 0.0000 0.1590
057000 0.7929 0.0481 0.0000 0.1590
057050 0.7929 0.0481 0.0000 0.1590
