000000 0.2500 0.2495 0.2501 0.2505
000050 0.6686 0.2502 0.0035 0.0777
000100 0.7790 0.1605 0.0003 0.0602
000150 0.8312 0.1146 0.0000 0.0541
000200 0.8574 0.0895 0.0000 0.0532
000250 0.8697 0.0732 0.0000 0.0570
000300 0.8735 0.0626 0.0000 0.0639
000350 0.8685 0.0598 0.0000 0.0717
000400 0.8614 0.0582 0.0000 0.0804
000450 0.8494 0.0608 0.0000 0.0898
000500 0.8382 0.0625 0.0000 0.0994
000550 0.8259 0.0627 0.0000 0.1114
000600 0.8156 0.0670 0.0000 0.1174
000650 0.8056 0.0746 0.0000 0.1198
000700 0.8006 0.0818 0.0000 0.1176
000750 0.7981 0.0848 0.0000 0.1172
000800 0.7972 0.0840 0.0000 0.1188
000850 0.7974 0.0821 0.0000 0.1204
000900 0.7975 0.0784 0.0000 0.1241
000950 0.7964 0.0807 0.0000 0.1229
001000 0.7967 0.0766 0.0000 0.1267
001050 0.7914 0.0756 0.0000 0.1330
001100 0.7880 0.0805 0.0000 0.1315
001150 0.7856 0.0865 0.0000 0.1279
001200 0.7845 0.0899 0.0000 0.1256
001250 0.7847 0.0911 0.0000 0.1243
001300 0.7860 0.0871 0.0000 0.1270
001350 0.7841 0.0841 0.0000 0.1318
001400 0.7798 0.0864 0.0000 0.1337
001450 0.7774 0.0906 0.0000 0.1320
001500 0.7797 0.0910 0.0000 0.1293
001550 0.7811 0.0938 0.0000 0.1250
001600 0.7805 0.0920 0.0000 0.1275
001650 0.7836 0.0878 0.0000 0.1286
001700 0.7856 0.0814 0.0000 0.1330
001750 0.7862 0.0811 0.0000 0.1327
001800 0.7864 0.0893 0.0000 0.1243
001850 0.7881 0.0967 0.0000 0.1152
001900 0.7959 0.0946 0.0000 0.1095
001950 0.8033 0.0896 0.0000 0.1072
002000 0.8084 0.0905 0.0000 0.1011
002050 0.8142 0.0890 0.0000 0.0969
002100 0.8218 0.0814 0.0000 0.0968
002150 0.8231 0.0764 0.0000 0.1005
002200 0.8196 0.0713 0.0000 0.1091
002250 0.8147 0.0695 0.0000 0.1158
002300 0.8073 0.0731 0.0000 0.1197
002350 0.8034 0.0738 0.0000 0.1228
002400 0.8000 0.0732 0.0000 0.1268
002450 0.7951 0.0706 0.0000 0.1343
002500 0.7890 0.0681 0.0000 0.1429
002550 0.7826 0.0728 0.0000 0.1447
002600 0.7767 0.0820 0.0000 0.1413
002650 0.7755 0.0878 0.0000 0.1367
002700 0.7714 0.0980 0.0000 0.1306
002750 0.7753 0.0981 0.0000 0.1267
002800 0.7819 0.0934 0.0000 0.1247
002850 0.7837 0.0951 0.0000 0.1212
002900 0.7894 0.1001 0.0000 0.1105
002950 0.7973 0.1017 0.0000 0.1010
003000 0.8079 0.0969 0.0000 0.0952
003050 0.8148 0.0923 0.0000 0.0929
003100 0.8255 0.0836 0.0000 0.0909
003150 0.8294 0.0758 0.0000 0.0947
003200 0.8318 0.0720 0.0000 0.0962
003250 0.8307 0.0701 0.0000 0.0992
003300 0.8300 0.0649 0.0000 0.1051
003350 0.8263 0.0579 0.0000 0.1158
003400 0.8192 0.0545 0.0000 0.1263
003450 0.8091 0.0560 0.0000 0.1349
003500 0.7973 0.0675 0.0000 0.1352
003550 0.7892 0.0788 0.0000 0.1320
003600 0.7887 0.0794 0.0000 0.1319
003650 0.7873 0.0803 0.0000 0.1325
003700 0.7891 0.0858 0.0000 0.1251
003750 0.7899 0.0930 0.0000 0.1172
003800 0.7938 0.0958 0.0000 0.1104
003850 0.8031 0.0926 0.0000 0.1042
003900 0.8148 0.0850 0.0000 0.1002
003950 0.8206 0.0823 0.0000 0.0971
004000 0.8284 0.0822 0.0000 0.0895
004050 0.8337 0.0789 0.0000 0.0874
004100 0.8389 0.0747 0.0000 0.0863
004150 0.8430 0.0704 0.0000 0.0866
004200 0.8452 0.0703 0.0000 0.0846
004250 0.8464 0.0698 0.0000 0.0839
004300 0.8472 0.0648 0.0000 0.0880
004350 0.8479 0.0576 0.0000 0.0945
004400 0.8406 0.0557 0.0000 0.1037
004450 0.8324 0.0560 0.0000 0.1116
004500 0.8246 0.0603 0.0000 0.1151
004550 0.8193 0.0672 0.0000 0.1136
004600 0.8155 0.0690 0.0000 0.1155
004650 0.8120 0.0653 0.0000 0.1227
004700 0.8080 0.0599 0.0000 0.1320
004750 0.7995 0.0569 0.0000 0.1436
004800 0.7890 0.0550 0.0000 0.1561
004850 0.7767 0.0577 0.0000 0.1655
004900 0.7628 0.0705 0.0000 0.1667
004950 0.7507 0.0834 0.0000 0.1659
005000 0.7459 0.0875 0.0000 0.1666
005050 0.7457 0.0836 0.0000 0.1707
005100 0.7466 0.0810 0.0000 0.1724
005150 0.7441 0.0783 0.0000 0.1777
005200 0.7403 0.0834 0.0000 0.1763
005250 0.7379 0.0969 0.0000 0.1652
005300 0.7425 0.1128 0.0000 0.1446
005350 0.7515 0.1235 0.0000 0.1250
005400 0.7602 0.1316 0.0000 0.1082
005450 0.7779 0.1264 0.0000 0.0957
005500 0.7968 0.1143 0.0000 0.0888
005550 0.8099 0.1028 0.0000 0.0873
005600 0.8209 0.0971 0.0000 0.0820
005650 0.8291 0.0932 0.0000 0.0777
005700 0.8402 0.0832 0.0000 0.0766
005750 0.8459 0.0790 0.0000 0.0751
005800 0.8541 0.0700 0.0000 0.0760
005850 0.8592 0.0615 0.0000 0.0793
005900 0.8613 0.0538 0.0000 0.0850
005950 0.8597 0.0475 0.0000 0.0928
006000 0.8511 0.0478 0.0000 0.1011
006050 0.8415 0.0502 0.0000 0.1084
006100 0.8300 0.0530 0.0000 0.1170
006150 0.8167 0.0573 0.0000 0.1260
006200 0.8065 0.0612 0.0000 0.1323
006250 0.7989 0.0644 0.0000 0.1367
006300 0.7938 0.0689 0.0000 0.1374
006350 0.7908 0.0734 0.0000 0.1358
006400 0.7880 0.0754 0.0000 0.1366
006450 0.7853 0.0747 0.0000 0.1400
006500 0.7833 0.0744 0.0000 0.1423
006550 0.7824 0.0752 0.0000 0.1425
006600 0.7810 0.0826 0.0000 0.1364
006650 0.7808 0.0878 0.0000 0.1314
006700 0.7821 0.0845 0.0000 0.1334
006750 0.7828 0.0787 0.0000 0.1385
006800 0.7830 0.0690 0.0000 0.1480
006850 0.7816 0.0607 0.0000 0.1577
006900 0.7746 0.0620 0.0000 0.1635
006950 0.7634 0.0684 0.0000 0.1682
007000 0.7555 0.0746 0.0000 0.1700
007050 0.7467 0.0807 0.0000 0.1726
007100 0.7384 0.0869 0.0000 0.1748
007150 0.7321 0.0921 0.0000 0.1757
007200 0.7247 0.0981 0.0000 0.1771
007250 0.7204 0.0992 0.0000 0.1804
007300 0.7153 0.1001 0.0000 0.1846
007350 0.7154 0.1004 0.0000 0.1841
007400 0.7155 0.1033 0.0000 0.1812
007450 0.7229 0.1120 0.0000 0.1652
007500 0.7336 0.1216 0.0000 0.1448
007550 0.7458 0.1248 0.0000 0.1294
007600 0.7554 0.1279 0.0000 0.1167
007650 0.7715 0.1259 0.0000 0.1026
007700 0.7870 0.1189 0.0000 0.0942
007750 0.8012 0.1061 0.0000 0.0927
007800 0.8088 0.0973 0.0000 0.0939
007850 0.8161 0.0868 0.0000 0.0972
007900 0.8183 0.0810 0.0000 0.1007
007950 0.8165 0.0760 0.0000 0.1074
008000 0.8134 0.0764 0.0000 0.1102
008050 0.8087 0.0770 0.0000 0.1143
008100 0.8070 0.0780 0.0000 0.1150
008150 0.8043 0.0839 0.0000 0.1118
008200 0.8066 0.0870 0.0000 0.1063
008250 0.8121 0.0877 0.0000 0.1002
008300 0.8202 0.0852 0.0000 0.0946
008350 0.8302 0.0769 0.0000 0.0929
008400 0.8331 0.0739 0.0000 0.0930
008450 0.8348 0.0695 0.0000 0.0957
008500 0.8371 0.0618 0.0000 0.1011
008550 0.8353 0.0587 0.0000 0.1061
008600 0.8301 0.0597 0.0000 0.1102
008650 0.8259 0.0631 0.0000 0.1111
008700 0.8204 0.0632 0.0000 0.1165
008750 0.8118 0.0606 0.0000 0.1276
008800 0.8010 0.0573 0.0000 0.1417
008850 0.7917 0.0570 0.0000 0.1512
008900 0.7845 0.0550 0.0000 0.1605
008950 0.7724 0.0606 0.0000 0.1670
009000 0.7639 0.0744 0.0000 0.1617
009050 0.7580 0.0886 0.0000 0.1534
009100 0.7555 0.1001 0.0000 0.1444
009150 0.7586 0.1085 0.0000 0.1329
009200 0.7632 0.1110 0.0000 0.1258
009250 0.7733 0.1031 0.0000 0.1236
009300 0.7827 0.0999 0.0000 0.1175
009350 0.7915 0.0957 0.0000 0.1129
009400 0.7998 0.0912 0.0000 0.1090
009450 0.8065 0.0863 0.0000 0.1072
009500 0.8160 0.0842 0.0000 0.0998
009550 0.8227 0.0834 0.0000 0.0939
009600 0.8310 0.0763 0.0000 0.0927
009650 0.8318 0.0731 0.0000 0.0951
009700 0.8300 0.0742 0.0000 0.0958
009750 0.8319 0.0694 0.0000 0.0988
009800 0.8266 0.0685 0.0000 0.1049
009850 0.8223 0.0685 0.0000 0.1092
009900 0.8230 0.0677 0.0000 0.1093
009950 0.8215 0.0700 0.0000 0.1085
010000 0.8234 0.0688 0.0000 0.1079
010050 0.8189 0.0725 0.0000 0.1086
010100 0.8174 0.0708 0.0000 0.1118
010150 0.8130 0.0659 0.0000 0.1211
010200 0.8066 0.0681 0.0000 0.1253
010250 0.7992 0.0698 0.0000 0.1310
010300 0.7918 0.0717 0.0000 0.1365
010350 0.7833 0.0767 0.0000 0.1400
010400 0.7793 0.0810 0.0000 0.1397
010450 0.7765 0.0883 0.0000 0.1351
010500 0.7776 0.1001 0.0000 0.1222
010550 0.7825 0.1040 0.0000 0.1135
010600 0.7924 0.1034 0.0000 0.1042
010650 0.8043 0.0988 0.0000 0.0969
010700 0.8109 0.0884 0.0000 0.1007
010750 0.8179 0.0805 0.0000 0.1017
010800 0.8209 0.0741 0.0000 0.1050
010850 0.8195 0.0697 0.0000 0.1108
010900 0.8170 0.0668 0.0000 0.1162
010950 0.8136 0.0629 0.0000 0.1235
011000 0.8065 0.0647 0.0000 0.1288
011050 0.8020 0.0677 0.0000 0.1303
011100 0.7987 0.0728 0.0000 0.1285
011150 0.7981 0.0821 0.0000 0.1198
011200 0.7988 0.0895 0.0000 0.1117
011250 0.8022 0.0937 0.0000 0.1041
011300 0.8074 0.0926 0.0000 0.1000
011350 0.8124 0.0848 0.0000 0.1028
011400 0.8137 0.0803 0.0000 0.1060
011450 0.8130 0.0797 0.0000 0.1073
011500 0.8129 0.0829 0.0000 0.1042
011550 0.8156 0.0841 0.0000 0.1003
011600 0.8172 0.0820 0.0000 0.1008
011650 0.8173 0.0773 0.0000 0.1054
011700 0.8186 0.0686 0.0000 0.1128
011750 0.8129 0.0731 0.0000 0.1140
011800 0.8105 0.0782 0.0000 0.1113
011850 0.8117 0.0805 0.0000 0.1078
011900 0.8106 0.0796 0.0000 0.1098
011950 0.8146 0.0740 0.0000 0.1114
012000 0.8125 0.0741 0.0000 0.1134
012050 0.8111 0.0715 0.0000 0.1175
012100 0.8066 0.0682 0.0000 0.1252
012150 0.8036 0.0653 0.0000 0.1311
012200 0.7990 0.0688 0.0000 0.1321
012250 0.7969 0.0782 0.0000 0.1249
012300 0.7987 0.0919 0.0000 0.1094
012350 0.8022 0.1035 0.0000 0.0943
012400 0.8131 0.1059 0.0000 0.0810
012450 0.8263 0.0978 0.0000 0.0759
012500 0.8378 0.0858 0.0000 0.0764
012550 0.8452 0.0761 0.0000 0.0786
012600 0.8516 0.0660 0.0000 0.0824
012650 0.8528 0.0606 0.0000 0.0866
012700 0.8469 0.0616 0.0000 0.0915
012750 0.8431 0.0633 0.0000 0.0936
012800 0.8404 0.0631 0.0000 0.0965
012850 0.8384 0.0619 0.0000 0.0997
012900 0.8357 0.0595 0.0000 0.1049
012950 0.8296 0.0595 0.0000 0.1109
013000 0.8239 0.0595 0.0000 0.1166
013050 0.8139 0.0626 0.0000 0.1235
013100 0.8060 0.0708 0.0000 0.1233
013150 0.8016 0.0817 0.0000 0.1167
013200 0.8032 0.0870 0.0000 0.1098
013250 0.8054 0.0857 0.0000 0.1090
013300 0.8097 0.0814 0.0000 0.1089
013350 0.8111 0.0826 0.0000 0.1063
013400 0.8147 0.0818 0.0000 0.1035
013450 0.8214 0.0801 0.0000 0.0986
013500 0.8257 0.0774 0.0000 0.0969
013550 0.8289 0.0744 0.0000 0.0967
013600 0.8309 0.0727 0.0000 0.0963
013650 0.8322 0.0699 0.0000 0.0979
013700 0.8324 0.0654 0.0000 0.1022
013750 0.8301 0.0608 0.0000 0.1091
013800 0.8230 0.0602 0.0000 0.1168
013850 0.8145 0.0647 0.0000 0.1208
013900 0.8066 0.0720 0.0000 0.1214
013950 0.8014 0.0772 0.0000 0.1214
014000 0.8010 0.0833 0.0000 0.1157
014050 0.8013 0.0835 0.0000 0.1153
014100 0.8031 0.0800 0.0000 0.1170
014150 0.8049 0.0775 0.0000 0.1176
014200 0.8043 0.0780 0.0000 0.1178
014250 0.8059 0.0795 0.0000 0.1146
014300 0.8068 0.0800 0.0000 0.1132
014350 0.8090 0.0812 0.0000 0.1098
014400 0.8127 0.0822 0.0000 0.1051
014450 0.8152 0.0838 0.0000 0.1010
014500 0.8196 0.0822 0.0000 0.0983
014550 0.8220 0.0784 0.0000 0.0996
014600 0.8247 0.0793 0.0000 0.0960
014650 0.8261 0.0771 0.0000 0.0969
014700 0.8263 0.0693 0.0000 0.1044
014750 0.8212 0.0665 0.0000 0.1124
014800 0.8191 0.0600 0.0000 0.1209
014850 0.8121 0.0619 0.0000 0.1260
014900 0.8047 0.0691 0.0000 0.1261
014950 0.8015 0.0767 0.0000 0.1218
015000 0.7999 0.0792 0.0000 0.1209
015050 0.7968 0.0783 0.0000 0.1249
015100 0.7946 0.0787 0.0000 0.1267
015150 0.7954 0.0853 0.0000 0.1193
015200 0.7972 0.0925 0.0000 0.1103
015250 0.8046 0.0892 0.0000 0.1062
015300 0.8143 0.0805 0.0000 0.1052
015350 0.8182 0.0749 0.0000 0.1069
015400 0.8186 0.0717 0.0000 0.1097
015450 0.8240 0.0639 0.0000 0.1121
015500 0.8256 0.0622 0.0000 0.1122
015550 0.8244 0.0662 0.0000 0.1094
015600 0.8240 0.0650 0.0000 0.1111
015650 0.8235 0.0655 0.0000 0.1111
015700 0.8211 0.0682 0.0000 0.1107
015750 0.8186 0.0689 0.0000 0.1125
015800 0.8157 0.0713 0.0000 0.1129
015850 0.8152 0.0705 0.0000 0.1143
015900 0.8148 0.0693 0.0000 0.1160
015950 0.8126 0.0719 0.0000 0.1155
016000 0.8143 0.0713 0.0000 0.1144
016050 0.8127 0.0707 0.0000 0.1166
016100 0.8107 0.0706 0.0000 0.1186
016150 0.8082 0.0662 0.0000 0.1256
016200 0.8010 0.0641 0.0000 0.1349
016250 0.7930 0.0613 0.0000 0.1457
016300 0.7832 0.0657 0.0000 0.1511
016350 0.7757 0.0716 0.0000 0.1527
016400 0.7678 0.0797 0.0000 0.1525
016450 0.7653 0.0824 0.0000 0.1523
016500 0.7665 0.0820 0.0000 0.1516
016550 0.7681 0.0828 0.0000 0.1491
016600 0.7677 0.0828 0.0000 0.1494
016650 0.7650 0.0846 0.0000 0.1504
016700 0.7639 0.0886 0.0000 0.1475
016750 0.7609 0.0948 0.0000 0.1442
016800 0.7543 0.1022 0.0000 0.1434
016850 0.7546 0.1057 0.0000 0.1397
016900 0.7585 0.1109 0.0000 0.1307
016950 0.7642 0.1159 0.0000 0.1198
017000 0.7711 0.1155 0.0000 0.1134
017050 0.7802 0.1079 0.0000 0.1120
017100 0.7886 0.1006 0.0000 0.1108
017150 0.7986 0.0937 0.0000 0.1077
017200 0.8026 0.0886 0.0000 0.1089
017250 0.8068 0.0839 0.0000 0.1094
017300 0.8101 0.0833 0.0000 0.1066
017350 0.8142 0.0789 0.0000 0.1069
017400 0.8151 0.0790 0.0000 0.1059
017450 0.8175 0.0773 0.0000 0.1053
017500 0.8195 0.0807 0.0000 0.0999
017550 0.8238 0.0824 0.0000 0.0938
017600 0.8300 0.0791 0.0000 0.0910
017650 0.8303 0.0770 0.0000 0.0927
017700 0.8321 0.0732 0.0000 0.0948
017750 0.8334 0.0686 0.0000 0.0980
017800 0.8304 0.0672 0.0000 0.1024
017850 0.8284 0.0679 0.0000 0.1037
017900 0.8276 0.0677 0.0000 0.1048
017950 0.8269 0.0674 0.0000 0.1057
018000 0.8256 0.0652 0.0000 0.1092
018050 0.8223 0.0674 0.0000 0.1103
018100 0.8187 0.0734 0.0000 0.1079
018150 0.8182 0.0732 0.0000 0.1085
018200 0.8193 0.0771 0.0000 0.1037
018250 0.8213 0.0769 0.0000 0.1018
018300 0.8246 0.0771 0.0000 0.0983
018350 0.8267 0.0738 0.0000 0.0995
018400 0.8242 0.0696 0.0000 0.1062
018450 0.8223 0.0688 0.0000 0.1089
018500 0.8204 0.0709 0.0000 0.1086
018550 0.8210 0.0716 0.0000 0.1075
018600 0.8186 0.0702 0.0000 0.1112
018650 0.8162 0.0688 0.0000 0.1150
018700 0.8153 0.0666 0.0000 0.1181
018750 0.8141 0.0686 0.0000 0.1173
018800 0.8111 0.0729 0.0000 0.1161
018850 0.8081 0.0749 0.0000 0.1170
018900 0.8062 0.0798 0.0000 0.1141
018950 0.8077 0.0838 0.0000 0.1085
019000 0.8092 0.0837 0.0000 0.1071
019050 0.8103 0.0811 0.0000 0.1086
019100 0.8119 0.0806 0.0000 0.1076
019150 0.8133 0.0806 0.0000 0.1061
019200 0.8167 0.0790 0.0000 0.1043
019250 0.8202 0.0752 0.0000 0.1046
019300 0.8210 0.0722 0.0000 0.1068
019350 0.8210 0.0694 0.0000 0.1096
019400 0.8202 0.0711 0.0000 0.1086
019450 0.8198 0.0723 0.0000 0.1079
019500 0.8187 0.0744 0.0000 0.1069
019550 0.8206 0.0774 0.0000 0.1019
019600 0.8204 0.0790 0.0000 0.1006
019650 0.8235 0.0719 0.0000 0.1046
019700 0.8277 0.0652 0.0000 0.1071
019750 0.8289 0.0610 0.0000 0.1101
019800 0.8283 0.0620 0.0000 0.1097
019850 0.8249 0.0666 0.0000 0.1085
019900 0.8166 0.0738 0.0000 0.1096
019950 0.8123 0.0801 0.0000 0.1075
020000 0.8140 0.0765 0.0000 0.1095
020050 0.8118 0.0782 0.0000 0.1100
020100 0.8091 0.0779 0.0000 0.1129
020150 0.8132 0.0743 0.0000 0.1125
020200 0.8158 0.0694 0.0000 0.1148
020250 0.8164 0.0696 0.0000 0.1140
020300 0.8178 0.0687 0.0000 0.1135
020350 0.8195 0.0677 0.0000 0.1128
020400 0.8186 0.0671 0.0000 0.1143
020450 0.8151 0.0706 0.0000 0.1142
020500 0.8137 0.0754 0.0000 0.1109
020550 0.8169 0.0740 0.0000 0.1091
020600 0.8188 0.0719 0.0000 0.1092
020650 0.8178 0.0721 0.0000 0.1102
020700 0.8184 0.0743 0.0000 0.1073
020750 0.8186 0.0788 0.0000 0.1026
020800 0.8159 0.0807 0.0000 0.1034
020850 0.8132 0.0808 0.0000 0.1059
020900 0.8122 0.0764 0.0000 0.1114
020950 0.8111 0.0716 0.0000 0.1172
021000 0.8118 0.0697 0.0000 0.1185
021050 0.8073 0.0737 0.0000 0.1190
021100 0.8059 0.0717 0.0000 0.1224
021150 0.8023 0.0676 0.0000 0.1301
021200 0.7953 0.0682 0.0000 0.1365
021250 0.7874 0.0757 0.0000 0.1369
021300 0.7800 0.0867 0.0000 0.1332
021350 0.7802 0.0894 0.0000 0.1304
021400 0.7828 0.0858 0.0000 0.1314
021450 0.7811 0.0824 0.0000 0.1366
021500 0.7821 0.0794 0.0000 0.1385
021550 0.7754 0.0818 0.0000 0.1428
021600 0.7711 0.0922 0.0000 0.1367
021650 0.7686 0.1061 0.0000 0.1253
021700 0.7744 0.1127 0.0000 0.1129
021750 0.7846 0.1079 0.0000 0.1075
021800 0.7971 0.0966 0.0000 0.1063
021850 0.8056 0.0869 0.0000 0.1075
021900 0.8109 0.0825 0.0000 0.1066
021950 0.8145 0.0796 0.0000 0.1059
022000 0.8167 0.0855 0.0000 0.0977
022050 0.8202 0.0880 0.0000 0.0918
022100 0.8263 0.0832 0.0000 0.0905
022150 0.8318 0.0751 0.0000 0.0931
022200 0.8336 0.0676 0.0000 0.0988
022250 0.8306 0.0626 0.0000 0.1068
022300 0.8221 0.0667 0.0000 0.1112
022350 0.8176 0.0693 0.0000 0.1131
022400 0.8148 0.0680 0.0000 0.1172
022450 0.8097 0.0692 0.0000 0.1211
022500 0.8082 0.0672 0.0000 0.1246
022550 0.8051 0.0691 0.0000 0.1257
022600 0.7989 0.0726 0.0000 0.1285
022650 0.7963 0.0798 0.0000 0.1239
022700 0.7984 0.0909 0.0000 0.1107
022750 0.8047 0.0934 0.0000 0.1019
022800 0.8108 0.0920 0.0000 0.0972
022850 0.8149 0.0903 0.0000 0.0948
022900 0.8216 0.0847 0.0000 0.0937
022950 0.8283 0.0753 0.0000 0.0964
023000 0.8255 0.0718 0.0000 0.1026
023050 0.8216 0.0699 0.0000 0.1085
023100 0.8176 0.0681 0.0000 0.1143
023150 0.8137 0.0696 0.0000 0.1167
023200 0.8127 0.0658 0.0000 0.1215
023250 0.8065 0.0700 0.0000 0.1235
023300 0.8002 0.0731 0.0000 0.1267
023350 0.7958 0.0746 0.0000 0.1296
023400 0.7884 0.0845 0.0000 0.1271
023450 0.7885 0.0930 0.0000 0.1185
023500 0.7948 0.0981 0.0000 0.1071
023550 0.8028 0.0989 0.0000 0.0983
023600 0.8111 0.0931 0.0000 0.0957
023650 0.8195 0.0862 0.0000 0.0943
023700 0.8238 0.0809 0.0000 0.0953
023750 0.8276 0.0752 0.0000 0.0972
023800 0.8273 0.0711 0.0000 0.1017
023850 0.8236 0.0692 0.0000 0.1072
023900 0.8249 0.0664 0.0000 0.1088
023950 0.8211 0.0639 0.0000 0.1149
024000 0.8157 0.0623 0.0000 0.1220
024050 0.8098 0.0641 0.0000 0.1262
024100 0.8019 0.0652 0.0000 0.1329
024150 0.7959 0.0661 0.0000 0.1380
024200 0.7896 0.0705 0.0000 0.1399
024250 0.7854 0.0739 0.0000 0.1407
024300 0.7831 0.0770 0.0000 0.1399
024350 0.7809 0.0846 0.0000 0.1345
024400 0.7844 0.0902 0.0000 0.1255
024450 0.7883 0.0882 0.0000 0.1235
024500 0.7903 0.0888 0.0000 0.1209
024550 0.7976 0.0906 0.0000 0.1118
024600 0.8024 0.0945 0.0000 0.1031
024650 0.8082 0.0932 0.0000 0.0986
024700 0.8154 0.0872 0.0000 0.0974
024750 0.8206 0.0819 0.0000 0.0975
024800 0.8226 0.0823 0.0000 0.0951
024850 0.8264 0.0836 0.0000 0.0899
024900 0.8312 0.0826 0.0000 0.0862
024950 0.8392 0.0747 0.0000 0.0860
025000 0.8404 0.0714 0.0000 0.0882
025050 0.8398 0.0685 0.0000 0.0917
025100 0.8364 0.0651 0.0000 0.0985
025150 0.8343 0.0634 0.0000 0.1023
025200 0.8319 0.0601 0.0000 0.1079
025250 0.8258 0.0594 0.0000 0.1147
025300 0.8181 0.0647 0.0000 0.1172
025350 0.8141 0.0708 0.0000 0.1152
025400 0.8112 0.0711 0.0000 0.1176
025450 0.8103 0.0638 0.0000 0.1259
025500 0.8062 0.0599 0.0000 0.1339
025550 0.8022 0.0660 0.0000 0.1318
025600 0.7956 0.0755 0.0000 0.1289
025650 0.7920 0.0864 0.0000 0.1216
025700 0.7895 0.0864 0.0000 0.1241
025750 0.7884 0.0848 0.0000 0.1268
025800 0.7902 0.0824 0.0000 0.1274
025850 0.7887 0.0881 0.0000 0.1232
025900 0.7888 0.0923 0.0000 0.1189
025950 0.7931 0.0931 0.0000 0.1138
026000 0.8003 0.0886 0.0000 0.1111
026050 0.8039 0.0863 0.0000 0.1098
026100 0.8072 0.0818 0.0000 0.1110
026150 0.8079 0.0817 0.0000 0.1104
026200 0.8084 0.0803 0.0000 0.1113
026250 0.8061 0.0833 0.0000 0.1107
026300 0.8095 0.0809 0.0000 0.1096
026350 0.8122 0.0771 0.0000 0.1107
026400 0.8121 0.0711 0.0000 0.1168
026450 0.8093 0.0677 0.0000 0.1230
026500 0.8063 0.0711 0.0000 0.1226
026550 0.8035 0.0793 0.0000 0.1171
026600 0.8016 0.0808 0.0000 0.1176
026650 0.8044 0.0821 0.0000 0.1135
026700 0.8046 0.0834 0.0000 0.1120
026750 0.8097 0.0825 0.0000 0.1078
026800 0.8165 0.0782 0.0000 0.1053
026850 0.8212 0.0745 0.0000 0.1044
026900 0.8221 0.0785 0.0000 0.0995
026950 0.8269 0.0805 0.0000 0.0926
027000 0.8317 0.0770 0.0000 0.0913
027050 0.8358 0.0720 0.0000 0.0922
027100 0.8382 0.0645 0.0000 0.0973
027150 0.8368 0.0614 0.0000 0.1018
027200 0.8314 0.0641 0.0000 0.1045
027250 0.8301 0.0659 0.0000 0.1040
027300 0.8288 0.0688 0.0000 0.1024
027350 0.8302 0.0699 0.0000 0.0999
027400 0.8291 0.0733 0.0000 0.0977
027450 0.8282 0.0734 0.0000 0.0984
027500 0.8293 0.0720 0.0000 0.0987
027550 0.8283 0.0668 0.0000 0.1049
027600 0.8258 0.0622 0.0000 0.1120
027650 0.8177 0.0582 0.0000 0.1241
027700 0.8114 0.0562 0.0000 0.1323
027750 0.8017 0.0586 0.0000 0.1396
027800 0.7929 0.0640 0.0000 0.1431
027850 0.7861 0.0682 0.0000 0.1457
027900 0.7804 0.0718 0.0000 0.1477
027950 0.7739 0.0753 0.0000 0.1508
028000 0.7683 0.0789 0.0000 0.1528
028050 0.7629 0.0817 0.0000 0.1553
028100 0.7615 0.0824 0.0000 0.1561
028150 0.7616 0.0824 0.0000 0.1559
028200 0.7625 0.0854 0.0000 0.1521
028250 0.7626 0.0907 0.0000 0.1467
028300 0.7639 0.0970 0.0000 0.1391
028350 0.7664 0.1032 0.0000 0.1304
028400 0.7705 0.1060 0.0000 0.1235
028450 0.7744 0.1052 0.0000 0.1204
028500 0.7799 0.1014 0.0000 0.1187
028550 0.7834 0.0991 0.0000 0.1175
028600 0.7901 0.0945 0.0000 0.1154
028650 0.7966 0.0887 0.0000 0.1148
028700 0.8014 0.0845 0.0000 0.1141
028750 0.8048 0.0853 0.0000 0.1099
028800 0.8093 0.0849 0.0000 0.1058
028850 0.8148 0.0763 0.0000 0.1088
028900 0.8167 0.0699 0.0000 0.1134
028950 0.8156 0.0708 0.0000 0.1135
029000 0.8115 0.0764 0.0000 0.1121
029050 0.8032 0.0808 0.0000 0.1160
029100 0.7966 0.0798 0.0000 0.1236
029150 0.7941 0.0736 0.0000 0.1323
029200 0.7904 0.0738 0.0000 0.1358
029250 0.7853 0.0799 0.0000 0.1348
029300 0.7837 0.0842 0.0000 0.1321
029350 0.7865 0.0913 0.0000 0.1222
029400 0.7950 0.0948 0.0000 0.1102
029450 0.8028 0.0952 0.0000 0.1020
029500 0.8095 0.0922 0.0000 0.0984
029550 0.8141 0.0889 0.0000 0.0971
029600 0.8196 0.0839 0.0000 0.0965
029650 0.8242 0.0817 0.0000 0.0941
029700 0.8265 0.0776 0.0000 0.0959
029750 0.8266 0.0751 0.0000 0.0983
029800 0.8255 0.0775 0.0000 0.0970
029850 0.8269 0.0774 0.0000 0.0957
029900 0.8297 0.0716 0.0000 0.0987
029950 0.8314 0.0665 0.0000 0.1022
030000 0.8302 0.0645 0.0000 0.1053
030050 0.8290 0.0643 0.0000 0.1067
030100 0.8264 0.0627 0.0000 0.1109
030150 0.8237 0.0613 0.0000 0.1150
030200 0.8194 0.0590 0.0000 0.1215
030250 0.8126 0.0619 0.0000 0.1254
030300 0.8037 0.0659 0.0000 0.1303
030350 0.7945 0.0738 0.0000 0.1317
030400 0.7913 0.0766 0.0000 0.1322
030450 0.7890 0.0763 0.0000 0.1347
030500 0.7858 0.0775 0.0000 0.1367
030550 0.7809 0.0831 0.0000 0.1361
030600 0.7772 0.0911 0.0000 0.1317
030650 0.7793 0.0918 0.0000 0.1289
030700 0.7807 0.0910 0.0000 0.1283
030750 0.7848 0.0882 0.0000 0.1271
030800 0.7856 0.0868 0.0000 0.1276
030850 0.7872 0.0854 0.0000 0.1273
030900 0.7894 0.0847 0.0000 0.1259
030950 0.7900 0.0811 0.0000 0.1289
031000 0.7905 0.0779 0.0000 0.1316
031050 0.7908 0.0769 0.0000 0.1323
031100 0.7882 0.0844 0.0000 0.1275
031150 0.7882 0.0910 0.0000 0.1207
031200 0.7915 0.0905 0.0000 0.1180
031250 0.7948 0.0935 0.0000 0.1116
031300 0.8002 0.0939 0.0000 0.1058
031350 0.8052 0.0927 0.0000 0.1021
031400 0.8115 0.0912 0.0000 0.0973
031450 0.8184 0.0866 0.0000 0.0950
031500 0.8253 0.0827 0.0000 0.0921
031550 0.8281 0.0805 0.0000 0.0913
031600 0.8326 0.0765 0.0000 0.0909
031650 0.8339 0.0754 0.0000 0.0907
031700 0.8373 0.0723 0.0000 0.0903
031750 0.8359 0.0661 0.0000 0.0980
031800 0.8356 0.0619 0.0000 0.1025
031850 0.8318 0.0682 0.0000 0.1000
031900 0.8278 0.0659 0.0000 0.1063
031950 0.8275 0.0554 0.0000 0.1171
032000 0.8197 0.0533 0.0000 0.1270
032050 0.8118 0.0599 0.0000 0.1283
032100 0.8010 0.0732 0.0000 0.1259
032150 0.7970 0.0845 0.0000 0.1185
032200 0.7984 0.0894 0.0000 0.1121
032250 0.8013 0.0944 0.0000 0.1043
032300 0.8104 0.0895 0.0000 0.1001
032350 0.8200 0.0787 0.0000 0.1013
032400 0.8225 0.0717 0.0000 0.1058
032450 0.8246 0.0685 0.0000 0.1069
032500 0.8262 0.0706 0.0000 0.1032
032550 0.8266 0.0700 0.0000 0.1034
032600 0.8265 0.0744 0.0000 0.0991
032650 0.8271 0.0756 0.0000 0.0972
032700 0.8288 0.0757 0.0000 0.0955
032750 0.8272 0.0749 0.0000 0.0979
032800 0.8234 0.0738 0.0000 0.1029
032850 0.8191 0.0711 0.0000 0.1097
032900 0.8148 0.0678 0.0000 0.1174
032950 0.8086 0.0686 0.0000 0.1228
033000 0.8045 0.0731 0.0000 0.1223
033050 0.8008 0.0791 0.0000 0.1202
033100 0.8015 0.0795 0.0000 0.1190
033150 0.8044 0.0812 0.0000 0.1143
033200 0.8078 0.0817 0.0000 0.1105
033250 0.8084 0.0838 0.0000 0.1078
033300 0.8143 0.0804 0.0000 0.1053
033350 0.8193 0.0776 0.0000 0.1031
033400 0.8275 0.0762 0.0000 0.0963
033450 0.8352 0.0769 0.0000 0.0878
033500 0.8396 0.0779 0.0000 0.0825
033550 0.8434 0.0785 0.0000 0.0780
033600 0.8470 0.0760 0.0000 0.0770
033650 0.8489 0.0664 0.0000 0.0846
033700 0.8495 0.0585 0.0000 0.0919
033750 0.8460 0.0551 0.0000 0.0989
033800 0.8416 0.0582 0.0000 0.1002
033850 0.8393 0.0626 0.0000 0.0981
033900 0.8414 0.0628 0.0000 0.0958
033950 0.8416 0.0622 0.0000 0.0962
034000 0.8453 0.0539 0.0000 0.1008
034050 0.8418 0.0536 0.0000 0.1046
034100 0.8388 0.0531 0.0000 0.1080
034150 0.8322 0.0537 0.0000 0.1141
034200 0.8274 0.0535 0.0000 0.1190
034250 0.8208 0.0611 0.0000 0.1181
034300 0.8177 0.0701 0.0000 0.1122
034350 0.8171 0.0751 0.0000 0.1078
034400 0.8183 0.0768 0.0000 0.1049
034450 0.8195 0.0798 0.0000 0.1006
034500 0.8202 0.0807 0.0000 0.0991
034550 0.8240 0.0792 0.0000 0.0968
034600 0.8275 0.0739 0.0000 0.0986
034650 0.8271 0.0726 0.0000 0.1003
034700 0.8281 0.0663 0.0000 0.1056
034750 0.8230 0.0623 0.0000 0.1147
034800 0.8180 0.0584 0.0000 0.1237
034850 0.8096 0.0542 0.0000 0.1362
034900 0.7999 0.0512 0.0000 0.1489
034950 0.7870 0.0536 0.0000 0.1594
035000 0.7719 0.0551 0.0000 0.1730
035050 0.7591 0.0556 0.0000 0.1854
035100 0.7410 0.0573 0.0000 0.2018
035150 0.7241 0.0626 0.0000 0.2133
035200 0.7100 0.0703 0.0000 0.2198
035250 0.6972 0.0815 0.0000 0.2213
035300 0.6916 0.0892 0.0000 0.2192
035350 0.6952 0.0923 0.0000 0.2125
035400 0.6990 0.0950 0.0000 0.2060
035450 0.7014 0.1016 0.0000 0.1970
035500 0.7087 0.1132 0.0000 0.1781
035550 0.7210 0.1251 0.0000 0.1540
035600 0.7306 0.1354 0.0000 0.1340
035650 0.7431 0.1357 0.0000 0.1213
035700 0.7555 0.1306 0.0000 0.1138
035750 0.7652 0.1219 0.0000 0.1129
035800 0.7721 0.1178 0.0000 0.1101
035850 0.7780 0.1124 0.0000 0.1097
035900 0.7826 0.1053 0.0000 0.1120
035950 0.7885 0.0973 0.0000 0.1142
036000 0.7915 0.0942 0.0000 0.1143
036050 0.7939 0.0866 0.0000 0.1194
036100 0.7973 0.0781 0.0000 0.1246
036150 0.7945 0.0867 0.0000 0.1189
036200 0.7938 0.0951 0.0000 0.1111
036250 0.8002 0.0941 0.0000 0.1058
036300 0.8035 0.0931 0.0000 0.1034
036350 0.8096 0.0889 0.0000 0.1015
036400 0.8146 0.0793 0.0000 0.1061
036450 0.8152 0.0759 0.0000 0.1089
036500 0.8165 0.0717 0.0000 0.1118
036550 0.8152 0.0706 0.0000 0.1142
036600 0.8147 0.0716 0.0000 0.1137
036650 0.8151 0.0710 0.0000 0.1139
036700 0.8171 0.0697 0.0000 0.1131
036750 0.8173 0.0683 0.0000 0.1144
036800 0.8165 0.0667 0.0000 0.1168
036850 0.8118 0.0699 0.0000 0.1183
036900 0.8096 0.0760 0.0000 0.1145
036950 0.8082 0.0873 0.0000 0.1046
037000 0.8117 0.0893 0.0000 0.0990
037050 0.8190 0.0878 0.0000 0.0932
037100 0.8238 0.0811 0.0000 0.0951
037150 0.8271 0.0746 0.0000 0.0982
037200 0.8265 0.0689 0.0000 0.1046
037250 0.8265 0.0644 0.0000 0.1090
037300 0.8198 0.0603 0.0000 0.1199
037350 0.8133 0.0560 0.0000 0.1307
037400 0.8026 0.0565 0.0000 0.1408
037450 0.7914 0.0608 0.0000 0.1478
037500 0.7838 0.0703 0.0000 0.1459
037550 0.7753 0.0836 0.0000 0.1411
037600 0.7747 0.0877 0.0000 0.1376
037650 0.7790 0.0844 0.0000 0.1365
037700 0.7839 0.0842 0.0000 0.1319
037750 0.7826 0.0878 0.0000 0.1296
037800 0.7856 0.0859 0.0000 0.1285
037850 0.7915 0.0847 0.0000 0.1239
037900 0.7948 0.0883 0.0000 0.1169
037950 0.7992 0.0905 0.0000 0.1103
038000 0.8027 0.0875 0.0000 0.1098
038050 0.8037 0.0869 0.0000 0.1094
038100 0.8041 0.0893 0.0000 0.1066
038150 0.8081 0.0906 0.0000 0.1013
038200 0.8120 0.0877 0.0000 0.1003
038250 0.8167 0.0844 0.0000 0.0989
038300 0.8222 0.0816 0.0000 0.0962
038350 0.8273 0.0830 0.0000 0.0897
038400 0.8355 0.0780 0.0000 0.0865
038450 0.8391 0.0693 0.0000 0.0916
038500 0.8411 0.0607 0.0000 0.0983
038550 0.8372 0.0573 0.0000 0.1055
038600 0.8291 0.0582 0.0000 0.1127
038650 0.8197 0.0641 0.0000 0.1163
038700 0.8138 0.0637 0.0000 0.1225
038750 0.8059 0.0688 0.0000 0.1254
038800 0.7948 0.0767 0.0000 0.1285
038850 0.7901 0.0790 0.0000 0.1309
038900 0.7857 0.0794 0.0000 0.1349
038950 0.7845 0.0750 0.0000 0.1405
039000 0.7818 0.0760 0.0000 0.1422
039050 0.7796 0.0778 0.0000 0.1425
039100 0.7788 0.0821 0.0000 0.1391
039150 0.7823 0.0847 0.0000 0.1329
039200 0.7833 0.0887 0.0000 0.1281
039250 0.7911 0.0877 0.0000 0.1212
039300 0.7953 0.0926 0.0000 0.1121
039350 0.7987 0.0991 0.0000 0.1022
039400 0.8027 0.1051 0.0000 0.0923
039450 0.8081 0.1016 0.0000 0.0903
039500 0.8125 0.0922 0.0000 0.0953
039550 0.8180 0.0817 0.0000 0.1003
039600 0.8199 0.0761 0.0000 0.1039
039650 0.8189 0.0738 0.0000 0.1074
039700 0.8187 0.0714 0.0000 0.1099
039750 0.8172 0.0744 0.0000 0.1084
039800 0.8142 0.0800 0.0000 0.1058
039850 0.8153 0.0794 0.0000 0.1053
039900 0.8171 0.0756 0.0000 0.1073
039950 0.8178 0.0714 0.0000 0.1108
040000 0.8130 0.0679 0.0000 0.1190
040050 0.8048 0.0656 0.0000 0.1296
040100 0.7943 0.0688 0.0000 0.1369
040150 0.7861 0.0786 0.0000 0.1354
040200 0.7821 0.0875 0.0000 0.1305
040250 0.7844 0.0871 0.0000 0.1286
040300 0.7851 0.0853 0.0000 0.1296
040350 0.7851 0.0853 0.0000 0.1296
040400 0.7851 0.0853 0.0000 0.1296
040450 0.7851 0.0853 0.0000 0.1296
040500 0.7851 0.0853 0.0000 0.1296
040550 0.7851 0.0853 0.0000 0.1296
040600 0.7851 0.0853 0.0000 0.1296
040650 0.7851 0.0853 0.0000 0.1296
040700 0.7851 0.0853 0.0000 0.1296
040750 0.7851 0.0853 0.0000 0.1296
040800 0.7851 0.0853 0.0000 0.1296
040850 0.7851 0.0853 0.0000 0.1296
040900 0.7851 0.0853 0.0000 0.1296
040950 0.7851 0.0853 0.0000 0.1296
041000 0.7851 0.0853 0.0000 0.1296
041050 0.7851 0.0853 0.0000 0.1296
041100 0.7851 0.0853 0.0000 0.1296
041150 0.7851 0.0853 0.0000 0.1296
041200 0.7851 0.0853 0.0000 0.1296
041250 0.7851 0.0853 0.0000 0.1296
041300 0.7851 0.0853 0.0000 0.1296
041350 0.7851 0.0853 0.0000 0.1296
041400 0.7851 0.0853 0.0000 0.1296
041450 0.7851 0.0853 0.0000 0.1296
041500 0.7851 0.0853 0.0000 0.1296
041550 0.7851 0.0853 0.0000 0.1296
041600 0.7851 0.0853 0.0000 0.1296
041650 0.7851 0.0853 0.0000 0.1296
041700 0.7851 0.0853 0.0000 0.1296
041750 0.7851 0.0853 0.0000 0.1296
041800 0.7851 0.0853 0.0000 0.1296
041850 0.7851 0.0853 0.0000 0.1296
041900 0.7851 0.0853 0.0000 0.1296
041950 0.7851 0.0853 0.0000 0.1296
042000 0.7851 0.0853 0.0000 0.1296
042050 0.7851 0.0853 0.0000 0.1296
042100 0.7851 0.0853 0.0000 0.1296
042150 0.7851 0.0853 0.0000 0.1296
042200 0.7851 0.0853 0.0000 0.1296
042250 0.7851 0.0853 0.0000 0.1296
042300 0.7851 0.0853 0.0000 0.1296
042350 0.7851 0.0853 0.0000 0.1296
042400 0.7851 0.0853 0.0000 0.1296
042450 0.7851 0.0853 0.0000 0.1296
042500 0.7851 0.0853 0.0000 0.1296
042550 0.7851 0.0853 0.0000 0.1296
042600 0.7851 0.0853 0.0000 0.1296
042650 0.7851 0.0853 0.0000 0.1296
042700 0.7851 0.0853 0.0000 0.1296
042750 0.7851 0.0853 0.0000 0.1296
042800 0.7851 0.0853 0.0000 0.1296
042850 0.7851 0.0853 0.0000 0.1296
042900 0.7851 0.0853 0.0000 0.1296
042950 0.7851 0.0853 0.0000 0.1296
043000 0.7851 0.0853 0.0000 0.1296
043050 0.7851 0.0853 0.0000 0.1296
043100 0.7851 0.0853 0.0000 0.1296
043150 0.7851 0.0853 0.0000 0.1296
043200 0.7851 0.0853 0.0000 0.1296
043250 0.7851 0.0853 0.0000 0.1296
043300 0.7851 0.0853 0.0000 0.1296
043350 0.7851 0.0853 0.0000 0.1296
043400 0.7851 0.0853 0.0000 0.1296
043450 0.7851 0.0853 0.0000 0.1296
043500 0.7851 0.0853 0.0000 0.1296
043550 0.7851 0.0853 0.0000 0.1296
043600 0.7851 0.0853 0.0000 0.1296
043650 0.7851 0.0853 0.0000 0.1296
043700 0.7851 0.0853 0.0000 0.1296
043750 0.7851 0.0853 0.0000 0.1296
043800 0.7851 0.0853 0.0000 0.1296
043850 0.7851 0.0853 0.0000 0.1296
043900 0.7851 0.0853 0.0000 0.1296
043950 0.7851 0.0853 0.0000 0.1296
044000 0.7851 0.0853 0.0000 0.1296
044050 0.7851 0.0853 0.0000 0.1296
044100 0.7851 0.0853 0.0000 0.1296
044150 0.7851 0.0853 0.0000 0.1296
044200 0.7851 0.0853 0.0000 0.1296
044250 0.7851 0.0853 0.0000 0.1296
044300 0.7851 0.0853 0.0000 0.1296
044350 0.7851 0.0853 0.0000 0.1296
044400 0.7851 0.0853 0.0000 0.1296
044450 0.7851 0.0853 0.0000 0.1296
044500 0.7851 0.0853 0.0000 0.1296
044550 0.7851 0.0853 0.0000 0.1296
044600 0.7851 0.0853 0.0000 0.1296
044650 0.7851 0.0853 0.0000 0.1296
044700 0.7851 0.0853 0.0000 0.1296
044750 0.7851 0.0853 0.0000 0.1296
044800 0.7851 0.0853 0.0000 0.1296
044850 0.7851 0.0853 0.0000 0.1296
044900 0.7851 0.0853 0.0000 0.1296
044950 0.7851 0.0853 0.0000 0.1296
045000 0.7851 0.0853 0.0000 0.1296
045050 0.7851 0.0853 0.0000 0.1296
045100 0.7851 0.0853 0.0000 0.1296
045150 0.7851 0.0853 0.0000 0.1296
045200 0.7851 0.0853 0.0000 0.1296
045250 0.7851 0.0853 0.0000 0.1296
045300 0.7851 0.0853 0.0000 0.1296
045350 0.7851 0.0853 0.0000 0.1296
045400 0.7851 0.0853 0.0000 0.1296
045450 0.7851 0.0853 0.0000 0.1296
045500 0.7851 0.0853 0.0000 0.1296
045550 0.7851 0.0853 0.0000 0.1296
045600 0.7851 0.0853 0.0000 0.1296
045650 0.7851 0.0853 0.0000 0.1296
045700 0.7851 0.0853 0.0000 0.1296
045750 0.7851 0.0853 0.0000 0.1296
045800 0.7851 0.0853 0.0000 0.1296
045850 0.7851 0.0853 0.0000 0.1296
045900 0.7851 0.0853 0.0000 0.1296
045950 0.7851 0.0853 0.0000 0.1296
046000 0.7851 0.0853 0.0000 0.1296
046050 0.7851 0.0853 0.0000 0.1296
046100 0.7851 0.0853 0.0000 0.1296
046150 0.7851 0.0853 0.0000 0.1296
046200 0.7851 0.0853 0.0000 0.1296
046250 0.7851 0.0853 0.0000 0.1296
046300 0.7851 0.0853 0.0000 0.1296
046350 0.7851 0.0853 0.0000 0.1296
046400 0.7851 0.0853 0.0000 0.1296
046450 0.7851 0.0853 0.0000 0.1296
046500 0.7851 0.0853 0.0000 0.1296
046550 0.7851 0.0853 0.0000 0.1296
046600 0.7851 0.0853 0.0000 0.1296
046650 0.7851 0.0853 0.0000 0.1296
046700 0.7851 0.0853 0.0000 0.1296
046750 0.7851 0.0853 0.0000 0.1296
046800 0.7851 0.0853 0.0000 0.1296
046850 0.7851 0.0853 0.0000 0.1296
046900 0.7851 0.0853 0.0000 0.1296
046950 0.7851 0.0853 0.0000 0.1296
047000 0.7851 0.0853 0.0000 0.1296
047050 0.7851 0.0853 0.0000 0.1296
047100 0.7851 0.0853 0.0000 0.1296
047150 0.7851 0.0853 0.0000 0.1296
047200 0.7851 0.0853 0.0000 0.1296
047250 0.7851 0.0853 0.0000 0.1296
047300 0.7851 0.0853 0.0000 0.1296
047350 0.7851 0.0853 0.0000 0.1296
047400 0.7851 0.0853 0.0000 0.1296
047450 0.7851 0.0853 0.0000 0.1296
047500 0.7851 0.0853 0.0000 0.1296
047550 0.7851 0.0853 0.0000 0.1296
047600 0.7851 0.0853 0.0000 0.1296
047650 0.7851 0.0853 0.0000 0.1296
047700 0.7851 0.0853 0.0000 0.1296
047750 0.7851 0.0853 0.0000 0.1296
047800 0.7851 0.0853 0.0000 0.1296
047850 0.7851 0.0853 0.0000 0.1296
047900 0.7851 0.0853 0.0000 0.1296
047950 0.7851 0.0853 0.0000 0.1296
048000 0.7851 0.0853 0.0000 0.1296
048050 0.7851 0.0853 0.0000 0.1296
048100 0.7851 0.0853 0.0000 0.1296
048150 0.7851 0.0853 0.0000 0.1296
048200 0.7851 0.0853 0.0000 0.1296
048250 0.7851 0.0853 0.0000 0.1296
048300 0.7851 0.0853 0.0000 0.1296
048350 0.7851 0.0853 0.0000 0.1296
048400 0.7851 0.0853 0.0000 0.1296
048450 0.7851 0.0853 0.0000 0.1296
048500 0.7851 0.0853 0.0000 0.1296
048550 0.7851 0.0853 0.0000 0.1296
048600 0.7851 0.0853 0.0000 0.1296
048650 0.7851 0.0853 0.0000 0.1296
048700 0.7851 0.0853 0.0000 0.1296
048750 0.7851 0.0853 0.0000 0.1296
048800 0.7851 0.0853 0.0000 0.1296
048850 0.7851 0.0853 0.0000 0.1296
048900 0.7851 0.0853 0.0000 0.1296
048950 0.7851 0.0853 0.0000 0.1296
049000 0.7851 0.0853 0.0000 0.1296
049050 0.7851 0.0853 0.0000 0.1296
049100 0.7851 0.0853 0.0000 0.1296
049150 0.7851 0.0853 0.0000 0.1296
049200 0.7851 0.0853 0.0000 0.1296
049250 0.7851 0.0853 0.0000 0.1296
049300 0.7851 0.0853 0.0000 0.1296
049350 0.7851 0.0853 0.0000 0.1296
049400 0.7851 0.0853 0.0000 0.1296
049450 0.7851 0.0853 0.0000 0.1296
049500 0.7851 0.0853 0.0000 0.1296
049550 0.7851 0.0853 0.0000 0.1296
049600 0.7851 0.0853 0.0000 0.1296
049650 0.7851 0.0853 0.0000 0.1296
049700 0.7851 0.0853 0.0000 0.1296
049750 0.7851 0.0853 0.0000 0.1296
049800 0.7851 0.0853 0.0000 0.1296
049850 0.7851 0.0853 0.0000 0.1296
049900 0.7851 0.0853 0.0000 0.1296
049950 0.7851 0.0853 0.0000 0.1296
050000 0.7851 0.0853 0.0000 0.1296
050050 0.7851 0.0853 0.0000 0.1296
050100 0.7851 0.0853 0.0000 0.1296
050150 0.7851 0.0853 0.0000 0.1296
050200 0.7851 0.0853 0.0000 0.1296
050250 0.7851 0.0853 0.0000 0.1296
050300 0.7851 0.0853 0.0000 0.1296
050350 0.7851 0.0853 0.0000 0.1296
050400 0.7851 0.0853 0.0000 0.1296
050450 0.7851 0.0853 0.0000 0.1296
050500 0.7851 0.0853 0.0000 0.1296
050550 0.7851 0.0853 0.0000 0.1296
050600 0.7851 0.0853 0.0000 0.1296
050650 0.7851 0.0853 0.0000 0.1296
050700 0.7851 0.0853 0.0000 0.1296
050750 0.7851 0.0853 0.0000 0.1296
050800 0.7851 0.0853 0.0000 0.1296
050850 0.7851 0.0853 0.0000 0.1296
050900 0.7851 0.0853 0.0000 0.1296
050950 0.7851 0.0853 0.0000 0.1296
051000 0.7851 0.0853 0.0000 0.1296
051050 0.7851 0.0853 0.0000 0.1296
051100 0.7851 0.0853 0.0000 0.1296
051150 0.7851 0.0853 0.0000 0.1296
051200 0.7851 0.0853 0.0000 0.1296
051250 0.7851 0.0853 0.0000 0.1296
051300 0.7851 0.0853 0.0000 0.1296
051350 0.7851 0.0853 0.0000 0.1296
051400 0.7851 0.0853 0.0000 0.1296
051450 0.7851 0.0853 0.0000 0.1296
051500 0.7851 0.0853 0.0000 0.1296
051550 0.7851 0.0853 0.0000 0.1296
051600 0.7851 0.0853 0.0000 0.1296
051650 0.7851 0.0853 0.0000 0.1296
051700 0.7851 0.0853 0.0000 0.1296
051750 0.7851 0.0853 0.0000 0.1296
051800 0.7851 0.0853 0.0000 0.1296
051850 0.7851 0.0853 0.0000 0.1296
051900 0.7851 0.0853 0.0000 0.1296
051950 0.7851 0.0853 0.0000 0.1296
052000 0.7851 0.0853 0.0000 0.1296
052050 0.7851 0.0853 0.0000 0.1296
052100 0.7851 0.0853 0.0000 0.1296
052150 0.7851 0.0853 0.0000 0.1296
052200 0.7851 0.0853 0.0000 0.1296
052250 0.7851 0.0853 0.0000 0.1296
052300 0.7851 0.0853 0.0000 0.1296
052350 0.7851 0.0853 0.0000 0.1296
052400 0.7851 0.0853 0.0000 0.1296
052450 0.7851 0.0853 0.0000 0.1296
052500 0.7851 0.0853 0.0000 0.1296
052550 0.7851 0.0853 0.0000 0.1296
052600 0.7851 0.0853 0.0000 0.1296
052650 0.7851 0.0853 0.0000 0.1296
052700 0.7851 0.0853 0.0000 0.1296
052750 0.7851 0.0853 0.0000 0.1296
052800 0.7851 0.0853 0.0000 0.1296
052850 0.7851 0.0853 0.0000 0.1296
052900 0.7851 0.0853 0.0000 0.1296
052950 0.7851 0.0853 0.0000 0.1296
053000 0.7851 0.0853 0.0000 0.1296
053050 0.7851 0.0853 0.0000 0.1296
053100 0.7851 0.0853 0.0000 0.1296
053150 0.7851 0.0853 0.0000 0.1296
053200 0.7851 0.0853 0.0000 0.1296
053250 0.7851 0.0853 0.0000 0.1296
053300 0.7851 0.0853 0.0000 0.1296
053350 0.7851 0.0853 0.0000 0.1296
053400 0.7851 0.0853 0.0000 0.1296
053450 0.7851 0.0853 0.0000 0.1296
053500 0.7851 0.0853 0.0000 0.1296
053550 0.7851 0.0853 0.0000 0.1296
053600 0.7851 0.0853 0.0000 0.1296
053650 0.7851 0.0853 0.0000 0.1296
053700 0.7851 0.0853 0.0000 0.1296
053750 0.7851 0.0853 0.0000 0.1296
053800 0.7851 0.0853 0.0000 0.1296
053850 0.7851 0.0853 0.0000 0.1296
053900 0.7851 0.0853 0.0000 0.1296
053950 0.7851 0.0853 0.0000 0.1296
054000 0.7851 0.0853 0.0000 0.1296
054050 0.7851 0.0853 0.0000 0.1296
054100 0.7851 0.0853 0.0000 0.1296
054150 0.7851 0.0853 0.0000 0.1296
054200 0.7851 0.0853 0.0000 0.1296
054250 0.7851 0.0853 0.0000 0.1296
054300 0.7851 0.0853 0.0000 0.1296
054350 0.7851 0.0853 0.0000 0.1296
054400 0.7851 0.0853 0.0000 0.1296
054450 0.7851 0.0853 0.0000 0.1296
054500 0.7851 0.0853 0.0000 0.1296
054550 0.7851 0.0853 0.0000 0.1296
054600 0.7851 0.0853 0.0000 0.1296
054650 0.7851 0.0853 0.0000 0.1296
054700 0.7851 0.0853 0.0000 0.1296
054750 0.7851 0.0853 0.0000 0.1296
054800 0.7851 0.0853 0.0000 0.1296
054850 0.7851 0.0853 0.0000 0.1296
054900 0.7851 0.0853 0.0000 0.1296
054950 0.7851 0.0853 0.0000 0.1296
055000 0.7851 0.0853 0.0000 0.1296
055050 0.7851 0.0853 0.0000 0.1296
055100 0.7851 0.0853 0.0000 0.1296
055150 0.7851 0.0853 0.0000 0.1296
055200 0.7851 0.0853 0.0000 0.1296
055250 0.7851 0.0853 0.0000 0.1296
055300 0.7851 0.0853 0.0000 0.1296
055350 0.7851 0.0853 0.0000 0.1296
055400 0.7851 0.0853 0.0000 0.1296
055450 0.7851 0.0853 0.0000 0.1296
055500 0.7851 0.0853 0.0000 0.1296
055550 0.7851 0.0853 0.0000 0.1296
055600 0.7851 0.0853 0.0000 0.1296
055650 0.7851 0.0853 0.0000 0.1296
055700 0.7851 0.0853 0.0000 0.1296
055750 0.7851 0.0853 0.0000 0.1296
055800 0.7851 0.0853 0.0000 0.1296
055850 0.7851 0.0853 0.0000 0.1296
055900 0.7851 0.0853 0.0000 0.1296
055950 0.7851 0.0853 0.0000 0.1296
056000 0.7851 0.0853 0.0000 0.1296
056050 0.7851 0.0853 0.0000 0.1296
056100 0.7851 0.0853 0.0000 0.1296
056150 0.7851 0.0853 0.0000 0.1296
056200 0.7851 0.0853 0.0000 0.1296
056250 0.7851 0.0853 0.0000 0.1296
056300 0.7851 0.0853 0.0000 0.1296
056350 0.7851 0.0853 0.0000 0.1296
056400 0.7851 0.0853 0.0000 0.1296
056450 0.7851 0.0853 0.0000 0.1296
056500 0.7851 0.0853 0.0000 0.1296
056550 0.7851 0.0853 0.0000 0.1296
056600 0.7851 0.0853 0.0000 0.1296
056650 0.7851 0.0853 0.0000 0.1296
056700 0.7851 0.0853 0.0000 0.1296
056750 0.7851 0.0853 0.0000 0.1296
056800 0.7851 0.0853 0.0000 0.1296
056850 0.7851 0.0853 0.0000 0.1296
056900 0.7851 0.0853 0.0000 0.1296
056950 0.7851 0.0853 0.0000 0.1296
057000 0.7851 0.0853 0.0000 0.1296
057050 0.7851 0.0853 0.0000 0.1296
