000000 0.2497 0.2502 0.2503 0.2498
000050 0.7024 0.2244 0.0046 0.0685
000100 0.8257 0.1287 0.0005 0.0451
000150 0.8892 0.0774 0.0000 0.0334
000200 0.9221 0.0489 0.0000 0.0289
000250 0.9392 0.0341 0.0000 0.0266
000300 0.9504 0.0227 0.0000 0.0268
000350 0.9559 0.0167 0.0000 0.0274
000400 0.9582 0.0113 0.0000 0.0305
000450 0.9550 0.0083 0.0000 0.0367
000500 0.9515 0.0061 0.0000 0.0425
000550 0.9473 0.0055 0.0000 0.0472
000600 0.9422 0.0039 0.0000 0.0539
000650 0.9361 0.0029 0.0000 0.0610
000700 0.9282 0.0026 0.0000 0.0693
000750 0.9199 0.0017 0.0000 0.0784
000800 0.9093 0.0010 0.0000 0.0897
000850 0.8987 0.0008 0.0000 0.1005
000900 0.8862 0.0005 0.0000 0.1133
000950 0.8750 0.0003 0.0000 0.1247
001000 0.8631 0.0006 0.0000 0.1363
001050 0.8495 0.0007 0.0000 0.1497
001100 0.8338 0.0008 0.0000 0.1654
001150 0.8184 0.0007 0.0000 0.1808
001200 0.8048 0.0006 0.0000 0.1947
001250 0.7905 0.0009 0.0000 0.2086
001300 0.7753 0.0012 0.0000 0.2235
001350 0.7592 0.0018 0.0000 0.2390
001400 0.7423 0.0021 0.0000 0.2556
001450 0.7276 0.0019 0.0000 0.2705
001500 0.7127 0.0012 0.0000 0.2861
001550 0.6976 0.0005 0.0000 0.3019
001600 0.6833 0.0005 0.0000 0.3161
001650 0.6681 0.0004 0.0000 0.3314
001700 0.6554 0.0004 0.0000 0.3442
001750 0.6451 0.0007 0.0000 0.3542
001800 0.6337 0.0014 0.0000 0.3649
001850 0.6209 0.0033 0.0000 0.3758
001900 0.6098 0.0045 0.0000 0.3857
001950 0.5979 0.0041 0.0000 0.3979
002000 0.5895 0.0043 0.0000 0.4062
002050 0.5812 0.0060 0.0000 0.4128
002100 0.5709 0.0077 0.0000 0.4214
002150 0.5659 0.0078 0.0000 0.4262
002200 0.5602 0.0072 0.0000 0.4327
002250 0.5542 0.0077 0.0000 0.4381
002300 0.5478 0.0111 0.0000 0.4410
002350 0.5415 0.0143 0.0000 0.4443
002400 0.5424 0.0138 0.0000 0.4438
002450 0.5384 0.0148 0.0000 0.4468
002500 0.5362 0.0160 0.0000 0.4478
002550 0.5335 0.0192 0.0000 0.4473
002600 0.5343 0.0202 0.0000 0.4455
002650 0.5362 0.0232 0.0000 0.4405
002700 0.5365 0.0242 0.0000 0.4392
002750 0.5402 0.0259 0.0000 0.4339
002800 0.5460 0.0271 0.0000 0.4269
002850 0.5488 0.0260 0.0000 0.4251
002900 0.5585 0.0236 0.0000 0.4178
002950 0.5658 0.0230 0.0000 0.4112
003000 0.5680 0.0246 0.0000 0.4074
003050 0.5751 0.0260 0.0000 0.3988
003100 0.5782 0.0289 0.0000 0.3929
003150 0.5838 0.0339 0.0000 0.3823
003200 0.5933 0.0382 0.0000 0.3685
003250 0.6075 0.0402 0.0000 0.3522
003300 0.6208 0.0368 0.0000 0.3424
003350 0.6321 0.0376 0.0000 0.3303
003400 0.6442 0.0378 0.0000 0.3180
003450 0.6536 0.0376 0.0000 0.3088
003500 0.6636 0.0403 0.0000 0.2961
003550 0.6748 0.0421 0.0000 0.2831
003600 0.6864 0.0438 0.0000 0.2698
003650 0.7013 0.0488 0.0000 0.2499
003700 0.7161 0.0485 0.0000 0.2354
003750 0.7301 0.0498 0.0000 0.2200
003800 0.7472 0.0499 0.0000 0.2029
003850 0.7620 0.0486 0.0000 0.1894
003900 0.7747 0.0465 0.0000 0.1788
003950 0.7884 0.0478 0.0000 0.1638
004000 0.8016 0.0466 0.0000 0.1518
004050 0.8156 0.0404 0.0000 0.1440
004100 0.8220 0.0347 0.0000 0.1433
004150 0.8308 0.0281 0.0000 0.1411
004200 0.8345 0.0238 0.0000 0.1418
004250 0.8361 0.0203 0.0000 0.1436
004300 0.8365 0.0171 0.0000 0.1464
004350 0.8347 0.0146 0.0000 0.1507
004400 0.8312 0.0137 0.0000 0.1551
004450 0.8268 0.0114 0.0000 0.1618
004500 0.8190 0.0109 0.0000 0.1701
004550 0.8121 0.0111 0.0000 0.1768
004600 0.8027 0.0099 0.0000 0.1874
004650 0.7959 0.0094 0.0000 0.1947
004700 0.7832 0.0087 0.0000 0.2081
004750 0.7721 0.0076 0.0000 0.2203
004800 0.7608 0.0087 0.0000 0.2305
004850 0.7506 0.0100 0.0000 0.2393
004900 0.7402 0.0105 0.0000 0.2493
004950 0.7331 0.0097 0.0000 0.2572
005000 0.7242 0.0101 0.0000 0.2657
005050 0.7138 0.0110 0.0000 0.2751
005100 0.7004 0.0117 0.0000 0.2879
005150 0.6910 0.0123 0.0000 0.2967
005200 0.6842 0.0135 0.0000 0.3023
005250 0.6770 0.0147 0.0000 0.3082
005300 0.6752 0.0136 0.0000 0.3112
005350 0.6698 0.0146 0.0000 0.3156
005400 0.6611 0.0167 0.0000 0.3221
005450 0.6575 0.0178 0.0000 0.3247
005500 0.6548 0.0189 0.0000 0.3262
005550 0.6491 0.0205 0.0000 0.3305
005600 0.6453 0.0209 0.0000 0.3338
005650 0.6438 0.0234 0.0000 0.3328
005700 0.6427 0.0273 0.0000 0.3300
005750 0.6408 0.0300 0.0000 0.3292
005800 0.6426 0.0309 0.0000 0.3265
005850 0.6451 0.0323 0.0000 0.3226
005900 0.6511 0.0340 0.0000 0.3150
005950 0.6543 0.0331 0.0000 0.3126
006000 0.6594 0.0353 0.0000 0.3053
006050 0.6690 0.0367 0.0000 0.2943
006100 0.6782 0.0387 0.0000 0.2831
006150 0.6839 0.0412 0.0000 0.2749
006200 0.6928 0.0413 0.0000 0.2660
006250 0.7007 0.0429 0.0000 0.2564
006300 0.7117 0.0414 0.0000 0.2470
006350 0.7193 0.0418 0.0000 0.2389
006400 0.7282 0.0436 0.0000 0.2282
006450 0.7390 0.0477 0.0000 0.2134
006500 0.7492 0.0464 0.0000 0.2043
006550 0.7631 0.0476 0.0000 0.1892
006600 0.7773 0.0462 0.0000 0.1764
006650 0.7873 0.0418 0.0000 0.1709
006700 0.7969 0.0394 0.0000 0.1636
006750 0.8051 0.0355 0.0000 0.1594
006800 0.8088 0.0312 0.0000 0.1600
006850 0.8124 0.0318 0.0000 0.1558
006900 0.8155 0.0313 0.0000 0.1532
006950 0.8177 0.0263 0.0000 0.1560
007000 0.8202 0.0227 0.0000 0.1570
007050 0.8182 0.0194 0.0000 0.1623
007100 0.8138 0.0180 0.0000 0.1682
007150 0.8086 0.0175 0.0000 0.1739
007200 0.8015 0.0175 0.0000 0.1810
007250 0.7957 0.0152 0.0000 0.1891
007300 0.7906 0.0133 0.0000 0.1961
007350 0.7816 0.0131 0.0000 0.2053
007400 0.7730 0.0129 0.0000 0.2141
007450 0.7652 0.0138 0.0000 0.2210
007500 0.7586 0.0116 0.0000 0.2298
007550 0.7507 0.0119 0.0000 0.2374
007600 0.7426 0.0121 0.0000 0.2453
007650 0.7335 0.0129 0.0000 0.2536
007700 0.7241 0.0143 0.0000 0.2616
007750 0.7168 0.0174 0.0000 0.2659
007800 0.7128 0.0187 0.0000 0.2685
007850 0.7074 0.0209 0.0000 0.2718
007900 0.7064 0.0229 0.0000 0.2707
007950 0.7059 0.0244 0.0000 0.2697
008000 0.7051 0.0278 0.0000 0.2671
008050 0.7037 0.0313 0.0000 0.2649
008100 0.7077 0.0323 0.0000 0.2600
008150 0.7096 0.0292 0.0000 0.2612
008200 0.7091 0.0318 0.0000 0.2591
008250 0.7113 0.0336 0.0000 0.2551
008300 0.7155 0.0327 0.0000 0.2518
008350 0.7201 0.0280 0.0000 0.2519
008400 0.7217 0.0259 0.0000 0.2524
008450 0.7226 0.0260 0.0000 0.2514
008500 0.7232 0.0302 0.0000 0.2466
008550 0.7272 0.0324 0.0000 0.2404
008600 0.7273 0.0324 0.0000 0.2403
008650 0.7293 0.0316 0.0000 0.2391
008700 0.7315 0.0344 0.0000 0.2341
008750 0.7359 0.0362 0.0000 0.2279
008800 0.7400 0.0400 0.0000 0.2200
008850 0.7513 0.0416 0.0000 0.2070
008900 0.7633 0.0446 0.0000 0.1921
008950 0.7757 0.0444 0.0000 0.1799
009000 0.7895 0.0439 0.0000 0.1666
009050 0.8011 0.0445 0.0000 0.1544
009100 0.8116 0.0442 0.0000 0.1442
009150 0.8235 0.0434 0.0000 0.1331
009200 0.8343 0.0390 0.0000 0.1267
009250 0.8441 0.0335 0.0000 0.1223
009300 0.8486 0.0319 0.0000 0.1195
009350 0.8508 0.0266 0.0000 0.1226
009400 0.8532 0.0213 0.0000 0.1254
009450 0.8527 0.0173 0.0000 0.1300
009500 0.8492 0.0160 0.0000 0.1349
009550 0.8446 0.0137 0.0000 0.1417
009600 0.8366 0.0121 0.0000 0.1513
009650 0.8311 0.0120 0.0000 0.1569
009700 0.8238 0.0122 0.0000 0.1639
009750 0.8163 0.0111 0.0000 0.1726
009800 0.8108 0.0110 0.0000 0.1781
009850 0.8052 0.0128 0.0000 0.1820
009900 0.7994 0.0115 0.0000 0.1890
009950 0.7940 0.0126 0.0000 0.1934
010000 0.7866 0.0153 0.0000 0.1982
010050 0.7819 0.0155 0.0000 0.2027
010100 0.7770 0.0162 0.0000 0.2068
010150 0.7722 0.0179 0.0000 0.2098
010200 0.7696 0.0189 0.0000 0.2116
010250 0.7669 0.0209 0.0000 0.2122
010300 0.7643 0.0207 0.0000 0.2151
010350 0.7612 0.0215 0.0000 0.2173
010400 0.7583 0.0230 0.0000 0.2188
010450 0.7581 0.0234 0.0000 0.2185
010500 0.7541 0.0261 0.0000 0.2199
010550 0.7537 0.0282 0.0000 0.2181
010600 0.7535 0.0281 0.0000 0.2184
010650 0.7555 0.0287 0.0000 0.2157
010700 0.7555 0.0288 0.0000 0.2156
010750 0.7580 0.0311 0.0000 0.2109
010800 0.7609 0.0333 0.0000 0.2058
010850 0.7673 0.0340 0.0000 0.1988
010900 0.7687 0.0316 0.0000 0.1997
010950 0.7725 0.0300 0.0000 0.1975
011000 0.7759 0.0298 0.0000 0.1943
011050 0.7768 0.0305 0.0000 0.1928
011100 0.7803 0.0302 0.0000 0.1894
011150 0.7862 0.0297 0.0000 0.1840
011200 0.7879 0.0313 0.0000 0.1808
011250 0.7909 0.0313 0.0000 0.1778
011300 0.7929 0.0310 0.0000 0.1762
011350 0.7936 0.0287 0.0000 0.1778
011400 0.7931 0.0299 0.0000 0.1769
011450 0.7932 0.0303 0.0000 0.1764
011500 0.7944 0.0326 0.0000 0.1730
011550 0.7960 0.0319 0.0000 0.1721
011600 0.8012 0.0282 0.0000 0.1706
011650 0.8030 0.0263 0.0000 0.1707
011700 0.8028 0.0253 0.0000 0.1719
011750 0.8044 0.0248 0.0000 0.1708
011800 0.8054 0.0252 0.0000 0.1694
011850 0.8054 0.0239 0.0000 0.1707
011900 0.8031 0.0237 0.0000 0.1732
011950 0.7995 0.0256 0.0000 0.1749
012000 0.7995 0.0228 0.0000 0.1776
012050 0.7987 0.0178 0.0000 0.1835
012100 0.7953 0.0169 0.0000 0.1878
012150 0.7920 0.0163 0.0000 0.1916
012200 0.7882 0.0155 0.0000 0.1964
012250 0.7803 0.0163 0.0000 0.2034
012300 0.7733 0.0192 0.0000 0.2075
012350 0.7706 0.0208 0.0000 0.2086
012400 0.7644 0.0236 0.0000 0.2120
012450 0.7624 0.0268 0.0000 0.2108
012500 0.7633 0.0267 0.0000 0.2100
012550 0.7624 0.0283 0.0000 0.2093
012600 0.7622 0.0292 0.0000 0.2086
012650 0.7619 0.0312 0.0000 0.2070
012700 0.7684 0.0296 0.0000 0.2020
012750 0.7677 0.0313 0.0000 0.2010
012800 0.7695 0.0276 0.0000 0.2029
012850 0.7687 0.0272 0.0000 0.2042
012900 0.7668 0.0286 0.0000 0.2046
012950 0.7738 0.0280 0.0000 0.1982
013000 0.7729 0.0272 0.0000 0.1998
013050 0.7707 0.0259 0.0000 0.2034
013100 0.7718 0.0245 0.0000 0.2037
013150 0.7712 0.0251 0.0000 0.2037
013200 0.7701 0.0259 0.0000 0.2040
013250 0.7674 0.0278 0.0000 0.2048
013300 0.7691 0.0300 0.0000 0.2009
013350 0.7708 0.0310 0.0000 0.1981
013400 0.7732 0.0294 0.0000 0.1973
013450 0.7760 0.0293 0.0000 0.1947
013500 0.7798 0.0292 0.0000 0.1910
013550 0.7798 0.0292 0.0000 0.1911
013600 0.7799 0.0305 0.0000 0.1895
013650 0.7830 0.0293 0.0000 0.1877
013700 0.7841 0.0288 0.0000 0.1871
013750 0.7826 0.0275 0.0000 0.1899
013800 0.7829 0.0259 0.0000 0.1912
013850 0.7819 0.0241 0.0000 0.1940
013900 0.7783 0.0231 0.0000 0.1986
013950 0.7731 0.0252 0.0000 0.2016
014000 0.7692 0.0243 0.0000 0.2065
014050 0.7638 0.0227 0.0000 0.2135
014100 0.7625 0.0199 0.0000 0.2176
014150 0.7591 0.0198 0.0000 0.2211
014200 0.7552 0.0210 0.0000 0.2238
014250 0.7500 0.0226 0.0000 0.2274
014300 0.7483 0.0269 0.0000 0.2248
014350 0.7488 0.0271 0.0000 0.2241
014400 0.7503 0.0281 0.0000 0.2217
014450 0.7510 0.0283 0.0000 0.2207
014500 0.7515 0.0300 0.0000 0.2185
014550 0.7521 0.0295 0.0000 0.2184
014600 0.7512 0.0291 0.0000 0.2197
014650 0.7519 0.0288 0.0000 0.2192
014700 0.7453 0.0316 0.0000 0.2231
014750 0.7469 0.0330 0.0000 0.2200
014800 0.7485 0.0328 0.0000 0.2187
014850 0.7518 0.0307 0.0000 0.2175
014900 0.7529 0.0303 0.0000 0.2168
014950 0.7531 0.0305 0.0000 0.2164
015000 0.7565 0.0294 0.0000 0.2142
015050 0.7598 0.0290 0.0000 0.2112
015100 0.7588 0.0304 0.0000 0.2108
015150 0.7583 0.0265 0.0000 0.2152
015200 0.7561 0.0250 0.0000 0.2189
015250 0.7567 0.0259 0.0000 0.2174
015300 0.7508 0.0311 0.0000 0.2181
015350 0.7502 0.0345 0.0000 0.2153
015400 0.7536 0.0366 0.0000 0.2097
015450 0.7563 0.0369 0.0000 0.2068
015500 0.7634 0.0365 0.0000 0.2001
015550 0.7692 0.0335 0.0000 0.1973
015600 0.7743 0.0318 0.0000 0.1940
015650 0.7793 0.0305 0.0000 0.1902
015700 0.7801 0.0309 0.0000 0.1889
015750 0.7842 0.0318 0.0000 0.1840
015800 0.7859 0.0328 0.0000 0.1813
015850 0.7883 0.0321 0.0000 0.1796
015900 0.7899 0.0337 0.0000 0.1763
015950 0.7947 0.0338 0.0000 0.1715
016000 0.7994 0.0314 0.0000 0.1692
016050 0.8057 0.0301 0.0000 0.1642
016100 0.8073 0.0312 0.0000 0.1615
016150 0.8102 0.0294 0.0000 0.1604
016200 0.8123 0.0303 0.0000 0.1575
016250 0.8152 0.0270 0.0000 0.1578
016300 0.8167 0.0248 0.0000 0.1584
016350 0.8162 0.0237 0.0000 0.1601
016400 0.8131 0.0222 0.0000 0.1647
016450 0.8117 0.0201 0.0000 0.1683
016500 0.8090 0.0187 0.0000 0.1722
016550 0.8064 0.0173 0.0000 0.1763
016600 0.8040 0.0149 0.0000 0.1811
016650 0.7972 0.0128 0.0000 0.1900
016700 0.7907 0.0124 0.0000 0.1969
016750 0.7837 0.0116 0.0000 0.2047
016800 0.7762 0.0119 0.0000 0.2119
016850 0.7697 0.0116 0.0000 0.2187
016900 0.7635 0.0097 0.0000 0.2269
016950 0.7540 0.0105 0.0000 0.2355
017000 0.7429 0.0135 0.0000 0.2436
017050 0.7349 0.0170 0.0000 0.2481
017100 0.7297 0.0174 0.0000 0.2529
017150 0.7235 0.0183 0.0000 0.2581
017200 0.7200 0.0200 0.0000 0.2600
017250 0.7130 0.0215 0.0000 0.2655
017300 0.7100 0.0199 0.0000 0.2701
017350 0.7081 0.0215 0.0000 0.2704
017400 0.7055 0.0217 0.0000 0.2728
017450 0.7064 0.0217 0.0000 0.2719
017500 0.7061 0.0242 0.0000 0.2697
017550 0.7049 0.0257 0.0000 0.2694
017600 0.7046 0.0267 0.0000 0.2688
017650 0.7028 0.0242 0.0000 0.2730
017700 0.7009 0.0255 0.0000 0.2736
017750 0.6974 0.0256 0.0000 0.2770
017800 0.6988 0.0265 0.0000 0.2747
017850 0.6983 0.0283 0.0000 0.2733
017900 0.6963 0.0306 0.0000 0.2731
017950 0.6974 0.0301 0.0000 0.2725
018000 0.6993 0.0309 0.0000 0.2699
018050 0.7036 0.0296 0.0000 0.2667
018100 0.7103 0.0315 0.0000 0.2581
018150 0.7109 0.0343 0.0000 0.2548
018200 0.7145 0.0352 0.0000 0.2503
018250 0.7190 0.0360 0.0000 0.2450
018300 0.7277 0.0368 0.0000 0.2355
018350 0.7301 0.0384 0.0000 0.2315
018400 0.7377 0.0374 0.0000 0.2249
018450 0.7432 0.0347 0.0000 0.2221
018500 0.7511 0.0304 0.0000 0.2185
018550 0.7539 0.0289 0.0000 0.2172
018600 0.7574 0.0333 0.0000 0.2093
018650 0.7618 0.0350 0.0000 0.2031
018700 0.7668 0.0355 0.0000 0.1976
018750 0.7729 0.0381 0.0000 0.1890
018800 0.7823 0.0415 0.0000 0.1763
018850 0.7894 0.0400 0.0000 0.1705
018900 0.7985 0.0372 0.0000 0.1643
018950 0.8020 0.0360 0.0000 0.1620
019000 0.8092 0.0330 0.0000 0.1578
019050 0.8168 0.0298 0.0000 0.1533
019100 0.8201 0.0269 0.0000 0.1530
019150 0.8215 0.0252 0.0000 0.1534
019200 0.8215 0.0238 0.0000 0.1548
019250 0.8199 0.0248 0.0000 0.1553
019300 0.8171 0.0231 0.0000 0.1598
019350 0.8166 0.0217 0.0000 0.1617
019400 0.8161 0.0185 0.0000 0.1653
019450 0.8104 0.0189 0.0000 0.1707
019500 0.8056 0.0191 0.0000 0.1752
019550 0.8007 0.0199 0.0000 0.1794
019600 0.7965 0.0191 0.0000 0.1845
019650 0.7931 0.0179 0.0000 0.1890
019700 0.7903 0.0182 0.0000 0.1915
019750 0.7848 0.0178 0.0000 0.1974
019800 0.7796 0.0211 0.0000 0.1993
019850 0.7752 0.0236 0.0000 0.2013
019900 0.7737 0.0250 0.0000 0.2013
019950 0.7719 0.0246 0.0000 0.2034
020000 0.7714 0.0228 0.0000 0.2059
020050 0.7690 0.0223 0.0000 0.2087
020100 0.7674 0.0216 0.0000 0.2110
020150 0.7669 0.0208 0.0000 0.2123
020200 0.7638 0.0185 0.0000 0.2177
020250 0.7607 0.0173 0.0000 0.2220
020300 0.7543 0.0199 0.0000 0.2258
020350 0.7508 0.0183 0.0000 0.2309
020400 0.7462 0.0190 0.0000 0.2348
020450 0.7398 0.0205 0.0000 0.2397
020500 0.7388 0.0215 0.0000 0.2397
020550 0.7345 0.0203 0.0000 0.2452
020600 0.7320 0.0202 0.0000 0.2478
020650 0.7267 0.0222 0.0000 0.2511
020700 0.7228 0.0247 0.0000 0.2525
020750 0.7225 0.0279 0.0000 0.2496
020800 0.7236 0.0297 0.0000 0.2467
020850 0.7271 0.0276 0.0000 0.2453
020900 0.7308 0.0259 0.0000 0.2433
020950 0.7299 0.0257 0.0000 0.2444
021000 0.7347 0.0278 0.0000 0.2375
021050 0.7346 0.0280 0.0000 0.2375
021100 0.7331 0.0319 0.0000 0.2350
021150 0.7336 0.0331 0.0000 0.2333
021200 0.7333 0.0304 0.0000 0.2363
021250 0.7332 0.0321 0.0000 0.2347
021300 0.7336 0.0338 0.0000 0.2326
021350 0.7401 0.0330 0.0000 0.2268
021400 0.7406 0.0311 0.0000 0.2283
021450 0.7437 0.0280 0.0000 0.2283
021500 0.7436 0.0269 0.0000 0.2295
021550 0.7435 0.0266 0.0000 0.2299
021600 0.7500 0.0243 0.0000 0.2256
021650 0.7502 0.0218 0.0000 0.2281
021700 0.7450 0.0213 0.0000 0.2337
021750 0.7433 0.0198 0.0000 0.2369
021800 0.7414 0.0215 0.0000 0.2371
021850 0.7382 0.0252 0.0000 0.2366
021900 0.7386 0.0287 0.0000 0.2327
021950 0.7414 0.0301 0.0000 0.2285
022000 0.7458 0.0311 0.0000 0.2231
022050 0.7481 0.0321 0.0000 0.2198
022100 0.7545 0.0309 0.0000 0.2146
022150 0.7584 0.0291 0.0000 0.2125
022200 0.7583 0.0243 0.0000 0.2174
022250 0.7561 0.0243 0.0000 0.2196
022300 0.7540 0.0258 0.0000 0.2202
022350 0.7556 0.0276 0.0000 0.2168
022400 0.7565 0.0294 0.0000 0.2142
022450 0.7544 0.0299 0.0000 0.2156
022500 0.7559 0.0305 0.0000 0.2136
022550 0.7559 0.0285 0.0000 0.2156
022600 0.7567 0.0288 0.0000 0.2144
022650 0.7607 0.0295 0.0000 0.2098
022700 0.7642 0.0321 0.0000 0.2037
022750 0.7658 0.0341 0.0000 0.2001
022800 0.7672 0.0337 0.0000 0.1991
022850 0.7721 0.0328 0.0000 0.1951
022900 0.7746 0.0311 0.0000 0.1943
022950 0.7766 0.0281 0.0000 0.1952
023000 0.7791 0.0260 0.0000 0.1949
023050 0.7789 0.0221 0.0000 0.1991
023100 0.7757 0.0223 0.0000 0.2021
023150 0.7720 0.0232 0.0000 0.2048
023200 0.7675 0.0252 0.0000 0.2073
023250 0.7663 0.0241 0.0000 0.2096
023300 0.7657 0.0215 0.0000 0.2128
023350 0.7628 0.0240 0.0000 0.2132
023400 0.7618 0.0259 0.0000 0.2122
023450 0.7590 0.0277 0.0000 0.2133
023500 0.7606 0.0244 0.0000 0.2149
023550 0.7553 0.0254 0.0000 0.2193
023600 0.7519 0.0241 0.0000 0.2240
023650 0.7490 0.0237 0.0000 0.2273
023700 0.7465 0.0222 0.0000 0.2312
023750 0.7424 0.0202 0.0000 0.2374
023800 0.7363 0.0220 0.0000 0.2417
023850 0.7320 0.0251 0.0000 0.2429
023900 0.7290 0.0272 0.0000 0.2438
023950 0.7258 0.0275 0.0000 0.2466
024000 0.7242 0.0282 0.0000 0.2476
024050 0.7246 0.0285 0.0000 0.2469
024100 0.7292 0.0296 0.0000 0.2413
024150 0.7321 0.0278 0.0000 0.2400
024200 0.7326 0.0288 0.0000 0.2386
024250 0.7304 0.0309 0.0000 0.2387
024300 0.7321 0.0338 0.0000 0.2341
024350 0.7337 0.0345 0.0000 0.2318
024400 0.7383 0.0350 0.0000 0.2267
024450 0.7437 0.0376 0.0000 0.2187
024500 0.7529 0.0393 0.0000 0.2078
024550 0.7568 0.0399 0.0000 0.2033
024600 0.7643 0.0423 0.0000 0.1934
024650 0.7705 0.0464 0.0000 0.1831
024700 0.7807 0.0465 0.0000 0.1728
024750 0.7881 0.0425 0.0000 0.1694
024800 0.7959 0.0375 0.0000 0.1666
024850 0.7995 0.0335 0.0000 0.1670
024900 0.7991 0.0281 0.0000 0.1728
024950 0.7999 0.0246 0.0000 0.1755
025000 0.8000 0.0218 0.0000 0.1782
025050 0.7980 0.0192 0.0000 0.1827
025100 0.7941 0.0177 0.0000 0.1883
025150 0.7879 0.0160 0.0000 0.1961
025200 0.7811 0.0159 0.0000 0.2030
025250 0.7755 0.0195 0.0000 0.2050
025300 0.7709 0.0209 0.0000 0.2081
025350 0.7708 0.0213 0.0000 0.2079
025400 0.7655 0.0228 0.0000 0.2117
025450 0.7604 0.0246 0.0000 0.2150
025500 0.7593 0.0252 0.0000 0.2155
025550 0.7591 0.0277 0.0000 0.2133
025600 0.7573 0.0306 0.0000 0.2121
025650 0.7557 0.0329 0.0000 0.2113
025700 0.7592 0.0327 0.0000 0.2082
025750 0.7651 0.0302 0.0000 0.2047
025800 0.7667 0.0311 0.0000 0.2023
025850 0.7676 0.0319 0.0000 0.2005
025900 0.7690 0.0296 0.0000 0.2014
025950 0.7709 0.0282 0.0000 0.2009
026000 0.7682 0.0277 0.0000 0.2041
026050 0.7670 0.0249 0.0000 0.2081
026100 0.7632 0.0238 0.0000 0.2131
026150 0.7584 0.0233 0.0000 0.2183
026200 0.7545 0.0222 0.0000 0.2233
026250 0.7484 0.0208 0.0000 0.2309
026300 0.7425 0.0227 0.0000 0.2348
026350 0.7413 0.0249 0.0000 0.2339
026400 0.7399 0.0246 0.0000 0.2356
026450 0.7366 0.0267 0.0000 0.2367
026500 0.7336 0.0298 0.0000 0.2366
026550 0.7368 0.0309 0.0000 0.2323
026600 0.7391 0.0311 0.0000 0.2297
026650 0.7409 0.0316 0.0000 0.2274
026700 0.7479 0.0298 0.0000 0.2224
026750 0.7492 0.0315 0.0000 0.2193
026800 0.7486 0.0322 0.0000 0.2192
026850 0.7495 0.0313 0.0000 0.2193
026900 0.7489 0.0314 0.0000 0.2197
026950 0.7547 0.0307 0.0000 0.2145
027000 0.7595 0.0297 0.0000 0.2107
027050 0.7603 0.0286 0.0000 0.2111
027100 0.7609 0.0264 0.0000 0.2128
027150 0.7571 0.0253 0.0000 0.2176
027200 0.7565 0.0229 0.0000 0.2205
027250 0.7544 0.0209 0.0000 0.2247
027300 0.7508 0.0186 0.0000 0.2306
027350 0.7509 0.0175 0.0000 0.2316
027400 0.7481 0.0156 0.0000 0.2363
027450 0.7402 0.0163 0.0000 0.2435
027500 0.7334 0.0174 0.0000 0.2492
027550 0.7297 0.0183 0.0000 0.2520
027600 0.7268 0.0193 0.0000 0.2539
027650 0.7241 0.0206 0.0000 0.2553
027700 0.7217 0.0228 0.0000 0.2555
027750 0.7211 0.0213 0.0000 0.2576
027800 0.7209 0.0208 0.0000 0.2583
027850 0.7144 0.0216 0.0000 0.2639
027900 0.7131 0.0219 0.0000 0.2650
027950 0.7127 0.0246 0.0000 0.2628
028000 0.7072 0.0248 0.0000 0.2680
028050 0.7063 0.0263 0.0000 0.2673
028100 0.7048 0.0295 0.0000 0.2656
028150 0.7053 0.0303 0.0000 0.2644
028200 0.7075 0.0301 0.0000 0.2624
028250 0.7085 0.0290 0.0000 0.2624
028300 0.7094 0.0272 0.0000 0.2634
028350 0.7087 0.0308 0.0000 0.2605
028400 0.7102 0.0341 0.0000 0.2556
028450 0.7139 0.0343 0.0000 0.2518
028500 0.7186 0.0319 0.0000 0.2495
028550 0.7191 0.0340 0.0000 0.2469
028600 0.7202 0.0389 0.0000 0.2409
028650 0.7241 0.0396 0.0000 0.2363
028700 0.7317 0.0371 0.0000 0.2312
028750 0.7374 0.0369 0.0000 0.2256
028800 0.7413 0.0358 0.0000 0.2228
028850 0.7451 0.0368 0.0000 0.2181
028900 0.7528 0.0386 0.0000 0.2086
028950 0.7559 0.0377 0.0000 0.2064
029000 0.7628 0.0348 0.0000 0.2023
029050 0.7652 0.0336 0.0000 0.2012
029100 0.7697 0.0315 0.0000 0.1989
029150 0.7732 0.0309 0.0000 0.1960
029200 0.7751 0.0290 0.0000 0.1958
029250 0.7777 0.0285 0.0000 0.1938
029300 0.7804 0.0303 0.0000 0.1893
029350 0.7819 0.0313 0.0000 0.1868
029400 0.7819 0.0302 0.0000 0.1879
029450 0.7825 0.0294 0.0000 0.1881
029500 0.7877 0.0279 0.0000 0.1844
029550 0.7904 0.0267 0.0000 0.1828
029600 0.7905 0.0275 0.0000 0.1819
029650 0.7903 0.0284 0.0000 0.1813
029700 0.7897 0.0289 0.0000 0.1814
029750 0.7894 0.0268 0.0000 0.1838
029800 0.7890 0.0221 0.0000 0.1889
029850 0.7853 0.0211 0.0000 0.1936
029900 0.7823 0.0214 0.0000 0.1963
029950 0.7786 0.0237 0.0000 0.1977
030000 0.7783 0.0250 0.0000 0.1967
030050 0.7798 0.0245 0.0000 0.1957
030100 0.7806 0.0255 0.0000 0.1938
030150 0.7818 0.0241 0.0000 0.1941
030200 0.7782 0.0218 0.0000 0.1999
030250 0.7776 0.0196 0.0000 0.2028
030300 0.7718 0.0192 0.0000 0.2090
030350 0.7664 0.0176 0.0000 0.2160
030400 0.7637 0.0163 0.0000 0.2199
030450 0.7620 0.0155 0.0000 0.2224
030500 0.7553 0.0174 0.0000 0.2273
030550 0.7493 0.0205 0.0000 0.2303
030600 0.7455 0.0235 0.0000 0.2310
030650 0.7482 0.0240 0.0000 0.2279
030700 0.7478 0.0241 0.0000 0.2280
030750 0.7473 0.0239 0.0000 0.2288
030800 0.7458 0.0229 0.0000 0.2312
030850 0.7419 0.0237 0.0000 0.2344
030900 0.7399 0.0225 0.0000 0.2376
030950 0.7410 0.0217 0.0000 0.2374
031000 0.7398 0.0219 0.0000 0.2383
031050 0.7361 0.0223 0.0000 0.2415
031100 0.7308 0.0226 0.0000 0.2466
031150 0.7251 0.0247 0.0000 0.2502
031200 0.7256 0.0254 0.0000 0.2489
031250 0.7248 0.0264 0.0000 0.2488
031300 0.7236 0.0242 0.0000 0.2522
031350 0.7215 0.0252 0.0000 0.2533
031400 0.7179 0.0244 0.0000 0.2577
031450 0.7155 0.0258 0.0000 0.2588
031500 0.7144 0.0272 0.0000 0.2584
031550 0.7149 0.0320 0.0000 0.2530
031600 0.7168 0.0356 0.0000 0.2476
031650 0.7224 0.0373 0.0000 0.2403
031700 0.7300 0.0387 0.0000 0.2314
031750 0.7376 0.0405 0.0000 0.2219
031800 0.7431 0.0412 0.0000 0.2158
031850 0.7534 0.0395 0.0000 0.2070
031900 0.7594 0.0380 0.0000 0.2026
031950 0.7672 0.0379 0.0000 0.1949
032000 0.7696 0.0391 0.0000 0.1914
032050 0.7785 0.0375 0.0000 0.1840
032100 0.7848 0.0336 0.0000 0.1816
032150 0.7907 0.0309 0.0000 0.1784
032200 0.7927 0.0310 0.0000 0.1763
032250 0.7955 0.0270 0.0000 0.1775
032300 0.7966 0.0231 0.0000 0.1803
032350 0.7948 0.0233 0.0000 0.1818
032400 0.7952 0.0213 0.0000 0.1836
032450 0.7939 0.0192 0.0000 0.1869
032500 0.7941 0.0178 0.0000 0.1881
032550 0.7907 0.0169 0.0000 0.1925
032600 0.7876 0.0167 0.0000 0.1957
032650 0.7840 0.0157 0.0000 0.2003
032700 0.7797 0.0151 0.0000 0.2052
032750 0.7736 0.0155 0.0000 0.2109
032800 0.7682 0.0137 0.0000 0.2181
032850 0.7624 0.0117 0.0000 0.2259
032900 0.7543 0.0130 0.0000 0.2327
032950 0.7465 0.0150 0.0000 0.2385
033000 0.7440 0.0154 0.0000 0.2406
033050 0.7399 0.0167 0.0000 0.2434
033100 0.7377 0.0154 0.0000 0.2469
033150 0.7313 0.0175 0.0000 0.2512
033200 0.7255 0.0211 0.0000 0.2534
033250 0.7238 0.0233 0.0000 0.2528
033300 0.7211 0.0267 0.0000 0.2522
033350 0.7190 0.0281 0.0000 0.2529
033400 0.7196 0.0334 0.0000 0.2469
033450 0.7226 0.0357 0.0000 0.2417
033500 0.7284 0.0361 0.0000 0.2355
033550 0.7310 0.0372 0.0000 0.2318
033600 0.7371 0.0367 0.0000 0.2261
033650 0.7465 0.0327 0.0000 0.2208
033700 0.7522 0.0292 0.0000 0.2186
033750 0.7553 0.0268 0.0000 0.2179
033800 0.7564 0.0260 0.0000 0.2176
033850 0.7546 0.0265 0.0000 0.2190
033900 0.7554 0.0260 0.0000 0.2187
033950 0.7572 0.0274 0.0000 0.2154
034000 0.7583 0.0304 0.0000 0.2113
034050 0.7644 0.0305 0.0000 0.2050
034100 0.7687 0.0317 0.0000 0.1996
034150 0.7715 0.0339 0.0000 0.1946
034200 0.7765 0.0310 0.0000 0.1924
034250 0.7789 0.0286 0.0000 0.1925
034300 0.7827 0.0274 0.0000 0.1899
034350 0.7846 0.0259 0.0000 0.1895
034400 0.7850 0.0248 0.0000 0.1902
034450 0.7870 0.0237 0.0000 0.1893
034500 0.7847 0.0218 0.0000 0.1936
034550 0.7826 0.0206 0.0000 0.1968
034600 0.7810 0.0176 0.0000 0.2013
034650 0.7790 0.0165 0.0000 0.2045
034700 0.7746 0.0173 0.0000 0.2082
034750 0.7705 0.0187 0.0000 0.2107
034800 0.7671 0.0195 0.0000 0.2134
034850 0.7654 0.0193 0.0000 0.2152
034900 0.7628 0.0199 0.0000 0.2173
034950 0.7603 0.0203 0.0000 0.2194
035000 0.7616 0.0209 0.0000 0.2175
035050 0.7551 0.0224 0.0000 0.2225
035100 0.7534 0.0222 0.0000 0.2244
035150 0.7532 0.0226 0.0000 0.2242
035200 0.7529 0.0227 0.0000 0.2244
035250 0.7528 0.0211 0.0000 0.2261
035300 0.7531 0.0192 0.0000 0.2278
035350 0.7501 0.0172 0.0000 0.2326
035400 0.7461 0.0172 0.0000 0.2367
035450 0.7421 0.0191 0.0000 0.2388
035500 0.7381 0.0204 0.0000 0.2415
035550 0.7383 0.0183 0.0000 0.2434
035600 0.7328 0.0179 0.0000 0.2493
035650 0.7320 0.0170 0.0000 0.2510
035700 0.7281 0.0160 0.0000 0.2558
035750 0.7221 0.0152 0.0000 0.2627
035800 0.7147 0.0169 0.0000 0.2685
035850 0.7092 0.0166 0.0000 0.2742
035900 0.7055 0.0154 0.0000 0.2791
035950 0.7014 0.0167 0.0000 0.2820
036000 0.6973 0.0181 0.0000 0.2846
036050 0.6912 0.0214 0.0000 0.2874
036100 0.6889 0.0209 0.0000 0.2902
036150 0.6882 0.0215 0.0000 0.2904
036200 0.6862 0.0221 0.0000 0.2917
036250 0.6834 0.0229 0.0000 0.2937
036300 0.6816 0.0230 0.0000 0.2955
036350 0.6787 0.0244 0.0000 0.2969
036400 0.6745 0.0261 0.0000 0.2994
036450 0.6741 0.0253 0.0000 0.3006
036500 0.6722 0.0269 0.0000 0.3009
036550 0.6711 0.0304 0.0000 0.2985
036600 0.6736 0.0338 0.0000 0.2926
036650 0.6791 0.0338 0.0000 0.2871
036700 0.6873 0.0345 0.0000 0.2783
036750 0.6921 0.0378 0.0000 0.2701
036800 0.6974 0.0387 0.0000 0.2639
036850 0.6989 0.0372 0.0000 0.2639
036900 0.7028 0.0332 0.0000 0.2639
036950 0.7055 0.0312 0.0000 0.2634
037000 0.7070 0.0305 0.0000 0.2625
037050 0.7090 0.0290 0.0000 0.2620
037100 0.7090 0.0307 0.0000 0.2603
037150 0.7141 0.0295 0.0000 0.2564
037200 0.7173 0.0273 0.0000 0.2554
037250 0.7183 0.0286 0.0000 0.2531
037300 0.7183 0.0304 0.0000 0.2513
037350 0.7212 0.0324 0.0000 0.2464
037400 0.7245 0.0315 0.0000 0.2439
037450 0.7299 0.0315 0.0000 0.2386
037500 0.7298 0.0334 0.0000 0.2368
037550 0.7345 0.0351 0.0000 0.2304
037600 0.7397 0.0380 0.0000 0.2223
037650 0.7466 0.0365 0.0000 0.2168
037700 0.7557 0.0331 0.0000 0.2112
037750 0.7618 0.0328 0.0000 0.2054
037800 0.7660 0.0318 0.0000 0.2023
037850 0.7700 0.0291 0.0000 0.2010
037900 0.7725 0.0266 0.0000 0.2008
037950 0.7740 0.0231 0.0000 0.2029
038000 0.7723 0.0211 0.0000 0.2066
038050 0.7686 0.0199 0.0000 0.2116
038100 0.7652 0.0186 0.0000 0.2162
038150 0.7626 0.0172 0.0000 0.2202
038200 0.7602 0.0172 0.0000 0.2226
038250 0.7550 0.0184 0.0000 0.2266
038300 0.7544 0.0204 0.0000 0.2252
038350 0.7511 0.0230 0.0000 0.2259
038400 0.7508 0.0229 0.0000 0.2263
038450 0.7498 0.0211 0.0000 0.2291
038500 0.7474 0.0209 0.0000 0.2317
038550 0.7452 0.0220 0.0000 0.2327
038600 0.7460 0.0221 0.0000 0.2319
038650 0.7450 0.0216 0.0000 0.2334
038700 0.7465 0.0205 0.0000 0.2330
038750 0.7421 0.0222 0.0000 0.2357
038800 0.7416 0.0238 0.0000 0.2346
038850 0.7391 0.0235 0.0000 0.2375
038900 0.7398 0.0211 0.0000 0.2391
038950 0.7369 0.0194 0.0000 0.2437
039000 0.7365 0.0199 0.0000 0.2436
039050 0.7380 0.0215 0.0000 0.2405
039100 0.7336 0.0202 0.0000 0.2462
039150 0.7310 0.0189 0.0000 0.2501
039200 0.7285 0.0176 0.0000 0.2539
039250 0.7235 0.0187 0.0000 0.2578
039300 0.7186 0.0197 0.0000 0.2617
039350 0.7148 0.0208 0.0000 0.2644
039400 0.7148 0.0223 0.0000 0.2629
039450 0.7114 0.0225 0.0000 0.2662
039500 0.7097 0.0210 0.0000 0.2692
039550 0.7078 0.0230 0.0000 0.2692
039600 0.7070 0.0244 0.0000 0.2686
039650 0.7086 0.0255 0.0000 0.2660
039700 0.7105 0.0268 0.0000 0.2627
039750 0.7112 0.0254 0.0000 0.2635
039800 0.7133 0.0233 0.0000 0.2634
039850 0.7119 0.0224 0.0000 0.2657
039900 0.7102 0.0221 0.0000 0.2677
039950 0.7109 0.0227 0.0000 0.2664
040000 0.7097 0.0231 0.0000 0.2672
040050 0.7076 0.0212 0.0000 0.2712
040100 0.7076 0.0212 0.0000 0.2712
040150 0.7076 0.0212 0.0000 0.2712
040200 0.7076 0.0212 0.0000 0.2712
040250 0.7076 0.0212 0.0000 0.2712
040300 0.7076 0.0212 0.0000 0.2712
040350 0.7076 0.0212 0.0000 0.2712
040400 0.7076 0.0212 0.0000 0.2712
040450 0.7076 0.0212 0.0000 0.2712
040500 0.7076 0.0212 0.0000 0.2712
040550 0.7076 0.0212 0.0000 0.2712
040600 0.7076 0.0212 0.0000 0.2712
040650 0.7076 0.0212 0.0000 0.2712
040700 0.7076 0.0212 0.0000 0.2712
040750 0.7076 0.0212 0.0000 0.2712
040800 0.7076 0.0212 0.0000 0.2712
040850 0.7076 0.0212 0.0000 0.2712
040900 0.7076 0.0212 0.0000 0.2712
040950 0.7076 0.0212 0.0000 0.2712
041000 0.7076 0.0212 0.0000 0.2712
041050 0.7076 0.0212 0.0000 0.2712
041100 0.7076 0.0212 0.0000 0.2712
041150 0.7076 0.0212 0.0000 0.2712
041200 0.7076 0.0212 0.0000 0.2712
041250 0.7076 0.0212 0.0000 0.2712
041300 0.7076 0.0212 0.0000 0.2712
041350 0.7076 0.0212 0.0000 0.2712
041400 0.7076 0.0212 0.0000 0.2712
041450 0.7076 0.0212 0.0000 0.2712
041500 0.7076 0.0212 0.0000 0.2712
041550 0.7076 0.0212 0.0000 0.2712
041600 0.7076 0.0212 0.0000 0.2712
041650 0.7076 0.0212 0.0000 0.2712
041700 0.7076 0.0212 0.0000 0.2712
041750 0.7076 0.0212 0.0000 0.2712
041800 0.7076 0.0212 0.0000 0.2712
041850 0.7076 0.0212 0.0000 0.2712
041900 0.7076 0.0212 0.0000 0.2712
041950 0.7076 0.0212 0.0000 0.2712
042000 0.7076 0.0212 0.0000 0.2712
042050 0.7076 0.0212 0.0000 0.2712
042100 0.7076 0.0212 0.0000 0.2712
042150 0.7076 0.0212 0.0000 0.2712
042200 0.7076 0.0212 0.0000 0.2712
042250 0.7076 0.0212 0.0000 0.2712
042300 0.7076 0.0212 0.0000 0.2712
042350 0.7076 0.0212 0.0000 0.2712
042400 0.7076 0.0212 0.0000 0.2712
042450 0.7076 0.0212 0.0000 0.2712
042500 0.7076 0.0212 0.0000 0.2712
042550 0.7076 0.0212 0.0000 0.2712
042600 0.7076 0.0212 0.0000 0.2712
042650 0.7076 0.0212 0.0000 0.2712
042700 0.7076 0.0212 0.0000 0.2712
042750 0.7076 0.0212 0.0000 0.2712
042800 0.7076 0.0212 0.0000 0.2712
042850 0.7076 0.0212 0.0000 0.2712
042900 0.7076 0.0212 0.0000 0.2712
042950 0.7076 0.0212 0.0000 0.2712
043000 0.7076 0.0212 0.0000 0.2712
043050 0.7076 0.0212 0.0000 0.2712
043100 0.7076 0.0212 0.0000 0.2712
043150 0.7076 0.0212 0.0000 0.2712
043200 0.7076 0.0212 0.0000 0.2712
043250 0.7076 0.0212 0.0000 0.2712
043300 0.7076 0.0212 0.0000 0.2712
043350 0.7076 0.0212 0.0000 0.2712
043400 0.7076 0.0212 0.0000 0.2712
043450 0.7076 0.0212 0.0000 0.2712
043500 0.7076 0.0212 0.0000 0.2712
043550 0.7076 0.0212 0.0000 0.2712
043600 0.7076 0.0212 0.0000 0.2712
043650 0.7076 0.0212 0.0000 0.2712
043700 0.7076 0.0212 0.0000 0.2712
043750 0.7076 0.0212 0.0000 0.2712
043800 0.7076 0.0212 0.0000 0.2712
043850 0.7076 0.0212 0.0000 0.2712
043900 0.7076 0.0212 0.0000 0.2712
043950 0.7076 0.0212 0.0000 0.2712
044000 0.7076 0.0212 0.0000 0.2712
044050 0.7076 0.0212 0.0000 0.2712
044100 0.7076 0.0212 0.0000 0.2712
044150 0.7076 0.0212 0.0000 0.2712
044200 0.7076 0.0212 0.0000 0.2712
044250 0.7076 0.0212 0.0000 0.2712
044300 0.7076 0.0212 0.0000 0.2712
044350 0.7076 0.0212 0.0000 0.2712
044400 0.7076 0.0212 0.0000 0.2712
044450 0.7076 0.0212 0.0000 0.2712
044500 0.7076 0.0212 0.0000 0.2712
044550 0.7076 0.0212 0.0000 0.2712
044600 0.7076 0.0212 0.0000 0.2712
044650 0.7076 0.0212 0.0000 0.2712
044700 0.7076 0.0212 0.0000 0.2712
044750 0.7076 0.0212 0.0000 0.2712
044800 0.7076 0.0212 0.0000 0.2712
044850 0.7076 0.0212 0.0000 0.2712
044900 0.7076 0.0212 0.0000 0.2712
044950 0.7076 0.0212 0.0000 0.2712
045000 0.7076 0.0212 0.0000 0.2712
045050 0.7076 0.0212 0.0000 0.2712
045100 0.7076 0.0212 0.0000 0.2712
045150 0.7076 0.0212 0.0000 0.2712
045200 0.7076 0.0212 0.0000 0.2712
045250 0.7076 0.0212 0.0000 0.2712
045300 0.7076 0.0212 0.0000 0.2712
045350 0.7076 0.0212 0.0000 0.2712
045400 0.7076 0.0212 0.0000 0.2712
045450 0.7076 0.0212 0.0000 0.2712
045500 0.7076 0.0212 0.0000 0.2712
045550 0.7076 0.0212 0.0000 0.2712
045600 0.7076 0.0212 0.0000 0.2712
045650 0.7076 0.0212 0.0000 0.2712
045700 0.7076 0.0212 0.0000 0.2712
045750 0.7076 0.0212 0.0000 0.2712
045800 0.7076 0.0212 0.0000 0.2712
045850 0.7076 0.0212 0.0000 0.2712
045900 0.7076 0.0212 0.0000 0.2712
045950 0.7076 0.0212 0.0000 0.2712
046000 0.7076 0.0212 0.0000 0.2712
046050 0.7076 0.0212 0.0000 0.2712
046100 0.7076 0.0212 0.0000 0.2712
046150 0.7076 0.0212 0.0000 0.2712
046200 0.7076 0.0212 0.0000 0.2712
046250 0.7076 0.0212 0.0000 0.2712
046300 0.7076 0.0212 0.0000 0.2712
046350 0.7076 0.0212 0.0000 0.2712
046400 0.7076 0.0212 0.0000 0.2712
046450 0.7076 0.0212 0.0000 0.2712
046500 0.7076 0.0212 0.0000 0.2712
046550 0.7076 0.0212 0.0000 0.2712
046600 0.7076 0.0212 0.0000 0.2712
046650 0.7076 0.0212 0.0000 0.2712
046700 0.7076 0.0212 0.0000 0.2712
046750 0.7076 0.0212 0.0000 0.2712
046800 0.7076 0.0212 0.0000 0.2712
046850 0.7076 0.0212 0.0000 0.2712
046900 0.7076 0.0212 0.0000 0.2712
046950 0.7076 0.0212 0.0000 0.2712
047000 0.7076 0.0212 0.0000 0.2712
047050 0.7076 0.0212 0.0000 0.2712
047100 0.7076 0.0212 0.0000 0.2712
047150 0.7076 0.0212 0.0000 0.2712
047200 0.7076 0.0212 0.0000 0.2712
047250 0.7076 0.0212 0.0000 0.2712
047300 0.7076 0.0212 0.0000 0.2712
047350 0.7076 0.0212 0.0000 0.2712
047400 0.7076 0.0212 0.0000 0.2712
047450 0.7076 0.0212 0.0000 0.2712
047500 0.7076 0.0212 0.0000 0.2712
047550 0.7076 0.0212 0.0000 0.2712
047600 0.7076 0.0212 0.0000 0.2712
047650 0.7076 0.0212 0.0000 0.2712
047700 0.7076 0.0212 0.0000 0.2712
047750 0.7076 0.0212 0.0000 0.2712
047800 0.7076 0.0212 0.0000 0.2712
047850 0.7076 0.0212 0.0000 0.2712
047900 0.7076 0.0212 0.0000 0.2712
047950 0.7076 0.0212 0.0000 0.2712
048000 0.7076 0.0212 0.0000 0.2712
048050 0.7076 0.0212 0.0000 0.2712
048100 0.7076 0.0212 0.0000 0.2712
048150 0.7076 0.0212 0.0000 0.2712
048200 0.7076 0.0212 0.0000 0.2712
048250 0.7076 0.0212 0.0000 0.2712
048300 0.7076 0.0212 0.0000 0.2712
048350 0.7076 0.0212 0.0000 0.2712
048400 0.7076 0.0212 0.0000 0.2712
048450 0.7076 0.0212 0.0000 0.2712
048500 0.7076 0.0212 0.0000 0.2712
048550 0.7076 0.0212 0.0000 0.2712
048600 0.7076 0.0212 0.0000 0.2712
048650 0.7076 0.0212 0.0000 0.2712
048700 0.7076 0.0212 0.0000 0.2712
048750 0.7076 0.0212 0.0000 0.2712
048800 0.7076 0.0212 0.0000 0.2712
048850 0.7076 0.0212 0.0000 0.2712
048900 0.7076 0.0212 0.0000 0.2712
048950 0.7076 0.0212 0.0000 0.2712
049000 0.7076 0.0212 0.0000 0.2712
049050 0.7076 0.0212 0.0000 0.2712
049100 0.7076 0.0212 0.0000 0.2712
049150 0.7076 0.0212 0.0000 0.2712
049200 0.7076 0.0212 0.0000 0.2712
049250 0.7076 0.0212 0.0000 0.2712
049300 0.7076 0.0212 0.0000 0.2712
049350 0.7076 0.0212 0.0000 0.2712
049400 0.7076 0.0212 0.0000 0.2712
049450 0.7076 0.0212 0.0000 0.2712
049500 0.7076 0.0212 0.0000 0.2712
049550 0.7076 0.0212 0.0000 0.2712
049600 0.7076 0.0212 0.0000 0.2712
049650 0.7076 0.0212 0.0000 0.2712
049700 0.7076 0.0212 0.0000 0.2712
049750 0.7076 0.0212 0.0000 0.2712
049800 0.7076 0.0212 0.0000 0.2712
049850 0.7076 0.0212 0.0000 0.2712
049900 0.7076 0.0212 0.0000 0.2712
049950 0.7076 0.0212 0.0000 0.2712
050000 0.7076 0.0212 0.0000 0.2712
050050 0.7076 0.0212 0.0000 0.2712
050100 0.7076 0.0212 0.0000 0.2712
050150 0.7076 0.0212 0.0000 0.2712
050200 0.7076 0.0212 0.0000 0.2712
050250 0.7076 0.0212 0.0000 0.2712
050300 0.7076 0.0212 0.0000 0.2712
050350 0.7076 0.0212 0.0000 0.2712
050400 0.7076 0.0212 0.0000 0.2712
050450 0.7076 0.0212 0.0000 0.2712
050500 0.7076 0.0212 0.0000 0.2712
050550 0.7076 0.0212 0.0000 0.2712
050600 0.7076 0.0212 0.0000 0.2712
050650 0.7076 0.0212 0.0000 0.2712
050700 0.7076 0.0212 0.0000 0.2712
050750 0.7076 0.0212 0.0000 0.2712
050800 0.7076 0.0212 0.0000 0.2712
050850 0.7076 0.0212 0.0000 0.2712
050900 0.7076 0.0212 0.0000 0.2712
050950 0.7076 0.0212 0.0000 0.2712
051000 0.7076 0.0212 0.0000 0.2712
051050 0.7076 0.0212 0.0000 0.2712
051100 0.7076 0.0212 0.0000 0.2712
051150 0.7076 0.0212 0.0000 0.2712
051200 0.7076 0.0212 0.0000 0.2712
051250 0.7076 0.0212 0.0000 0.2712
051300 0.7076 0.0212 0.0000 0.2712
051350 0.7076 0.0212 0.0000 0.2712
051400 0.7076 0.0212 0.0000 0.2712
051450 0.7076 0.0212 0.0000 0.2712
051500 0.7076 0.0212 0.0000 0.2712
051550 0.7076 0.0212 0.0000 0.2712
051600 0.7076 0.0212 0.0000 0.2712
051650 0.7076 0.0212 0.0000 0.2712
051700 0.7076 0.0212 0.0000 0.2712
051750 0.7076 0.0212 0.0000 0.2712
051800 0.7076 0.0212 0.0000 0.2712
051850 0.7076 0.0212 0.0000 0.2712
051900 0.7076 0.0212 0.0000 0.2712
051950 0.7076 0.0212 0.0000 0.2712
052000 0.7076 0.0212 0.0000 0.2712
052050 0.7076 0.0212 0.0000 0.2712
052100 0.7076 0.0212 0.0000 0.2712
052150 0.7076 0.0212 0.0000 0.2712
052200 0.7076 0.0212 0.0000 0.2712
052250 0.7076 0.0212 0.0000 0.2712
052300 0.7076 0.0212 0.0000 0.2712
052350 0.7076 0.0212 0.0000 0.2712
052400 0.7076 0.0212 0.0000 0.2712
052450 0.7076 0.0212 0.0000 0.2712
052500 0.7076 0.0212 0.0000 0.2712
052550 0.7076 0.0212 0.0000 0.2712
052600 0.7076 0.0212 0.0000 0.2712
052650 0.7076 0.0212 0.0000 0.2712
052700 0.7076 0.0212 0.0000 0.2712
052750 0.7076 0.0212 0.0000 0.2712
052800 0.7076 0.0212 0.0000 0.2712
052850 0.7076 0.0212 0.0000 0.2712
052900 0.7076 0.0212 0.0000 0.2712
052950 0.7076 0.0212 0.0000 0.2712
053000 0.7076 0.0212 0.0000 0.2712
053050 0.7076 0.0212 0.0000 0.2712
053100 0.7076 0.0212 0.0000 0.2712
053150 0.7076 0.0212 0.0000 0.2712
053200 0.7076 0.0212 0.0000 0.2712
053250 0.7076 0.0212 0.0000 0.2712
053300 0.7076 0.0212 0.0000 0.2712
053350 0.7076 0.0212 0.0000 0.2712
053400 0.7076 0.0212 0.0000 0.2712
053450 0.7076 0.0212 0.0000 0.2712
053500 0.7076 0.0212 0.0000 0.2712
053550 0.7076 0.0212 0.0000 0.2712
053600 0.7076 0.0212 0.0000 0.2712
053650 0.7076 0.0212 0.0000 0.2712
053700 0.7076 0.0212 0.0000 0.2712
053750 0.7076 0.0212 0.0000 0.2712
053800 0.7076 0.0212 0.0000 0.2712
053850 0.7076 0.0212 0.0000 0.2712
053900 0.7076 0.0212 0.0000 0.2712
053950 0.7076 0.0212 0.0000 0.2712
054000 0.7076 0.0212 0.0000 0.2712
054050 0.7076 0.0212 0.0000 0.2712
054100 0.7076 0.0212 0.0000 0.2712
054150 0.7076 0.0212 0.0000 0.2712
054200 0.7076 0.0212 0.0000 0.2712
054250 0.7076 0.0212 0.0000 0.2712
054300 0.7076 0.0212 0.0000 0.2712
054350 0.7076 0.0212 0.0000 0.2712
054400 0.7076 0.0212 0.0000 0.2712
054450 0.7076 0.0212 0.0000 0.2712
054500 0.7076 0.0212 0.0000 0.2712
054550 0.7076 0.0212 0.0000 0.2712
054600 0.7076 0.0212 0.0000 0.2712
054650 0.7076 0.0212 0.0000 0.2712
054700 0.7076 0.0212 0.0000 0.2712
054750 0.7076 0.0212 0.0000 0.2712
054800 0.7076 0.0212 0.0000 0.2712
054850 0.7076 0.0212 0.0000 0.2712
054900 0.7076 0.0212 0.0000 0.2712
054950 0.7076 0.0212 0.0000 0.2712
055000 0.7076 0.0212 0.0000 0.2712
055050 0.7076 0.0212 0.0000 0.2712
055100 0.7076 0.0212 0.0000 0.2712
055150 0.7076 0.0212 0.0000 0.2712
055200 0.7076 0.0212 0.0000 0.2712
055250 0.7076 0.0212 0.0000 0.2712
055300 0.7076 0.0212 0.0000 0.2712
055350 0.7076 0.0212 0.0000 0.2712
055400 0.7076 0.0212 0.0000 0.2712
055450 0.7076 0.0212 0.0000 0.2712
055500 0.7076 0.0212 0.0000 0.2712
055550 0.7076 0.0212 0.0000 0.2712
055600 0.7076 0.0212 0.0000 0.2712
055650 0.7076 0.0212 0.0000 0.2712
055700 0.7076 0.0212 0.0000 0.2712
055750 0.7076 0.0212 0.0000 0.2712
055800 0.7076 0.0212 0.0000 0.2712
055850 0.7076 0.0212 0.0000 0.2712
055900 0.7076 0.0212 0.0000 0.2712
055950 0.7076 0.0212 0.0000 0.2712
056000 0.7076 0.0212 0.0000 0.2712
056050 0.7076 0.0212 0.0000 0.2712
056100 0.7076 0.0212 0.0000 0.2712
056150 0.7076 0.0212 0.0000 0.2712
056200 0.7076 0.0212 0.0000 0.2712
056250 0.7076 0.0212 0.0000 0.2712
056300 0.7076 0.0212 0.0000 0.2712
056350 0.7076 0.0212 0.0000 0.2712
056400 0.7076 0.0212 0.0000 0.2712
056450 0.7076 0.0212 0.0000 0.2712
056500 0.7076 0.0212 0.0000 0.2712
056550 0.7076 0.0212 0.0000 0.2712
056600 0.7076 0.0212 0.0000 0.2712
056650 0.7076 0.0212 0.0000 0.2712
056700 0.7076 0.0212 0.0000 0.2712
056750 0.7076 0.0212 0.0000 0.2712
056800 0.7076 0.0212 0.0000 0.2712
056850 0.7076 0.0212 0.0000 0.2712
056900 0.7076 0.0212 0.0000 0.2712
056950 0.7076 0.0212 0.0000 0.2712
057000 0.7076 0.0212 0.0000 0.2712
057050 0.7076 0.0212 0.0000 0.2712
