000000 0.2495 0.2498 0.2500 0.2506
000050 0.6450 0.2685 0.0031 0.0834
000100 0.7550 0.1777 0.0002 0.0672
000150 0.8026 0.1359 0.0000 0.0615
000200 0.8224 0.1128 0.0000 0.0648
000250 0.8277 0.1000 0.0000 0.0723
000300 0.8261 0.0958 0.0000 0.0780
000350 0.8175 0.0971 0.0000 0.0854
000400 0.8085 0.0994 0.0000 0.0922
000450 0.8021 0.0989 0.0000 0.0990
000500 0.7943 0.1005 0.0000 0.1052
000550 0.7880 0.1097 0.0000 0.1022
000600 0.7841 0.1167 0.0000 0.0992
000650 0.7873 0.1162 0.0000 0.0965
000700 0.7887 0.1181 0.0000 0.0932
000750 0.7969 0.1138 0.0000 0.0893
000800 0.8018 0.1079 0.0000 0.0903
000850 0.8058 0.1004 0.0000 0.0938
000900 0.8070 0.0950 0.0000 0.0981
000950 0.8015 0.0972 0.0000 0.1013
001000 0.7977 0.1032 0.0000 0.0990
001050 0.7964 0.1108 0.0000 0.0928
001100 0.7980 0.1156 0.0000 0.0864
001150 0.8014 0.1193 0.0000 0.0794
001200 0.8139 0.1105 0.0000 0.0756
001250 0.8221 0.0987 0.0000 0.0792
001300 0.8282 0.0894 0.0000 0.0824
001350 0.8259 0.0841 0.0000 0.0900
001400 0.8229 0.0852 0.0000 0.0918
001450 0.8154 0.0960 0.0000 0.0886
001500 0.8138 0.1012 0.0000 0.0850
001550 0.8123 0.1019 0.0000 0.0858
001600 0.8075 0.1033 0.0000 0.0892
001650 0.8043 0.1008 0.0000 0.0950
001700 0.8032 0.1000 0.0000 0.0968
001750 0.8006 0.1005 0.0000 0.0989
001800 0.8005 0.0977 0.0000 0.1018
001850 0.7937 0.1003 0.0000 0.1060
001900 0.7878 0.1030 0.0000 0.1092
001950 0.7809 0.1083 0.0000 0.1107
002000 0.7776 0.1126 0.0000 0.1098
002050 0.7793 0.1134 0.0000 0.1073
002100 0.7802 0.1176 0.0000 0.1022
002150 0.7858 0.1130 0.0000 0.1012
002200 0.7904 0.1071 0.0000 0.1025
002250 0.7919 0.1024 0.0000 0.1058
002300 0.7911 0.1036 0.0000 0.1053
002350 0.7853 0.1108 0.0000 0.1040
002400 0.7816 0.1149 0.0000 0.1035
002450 0.7805 0.1127 0.0000 0.1067
002500 0.7763 0.1113 0.0000 0.1124
002550 0.7755 0.1133 0.0000 0.1112
002600 0.7746 0.1222 0.0000 0.1032
002650 0.7759 0.1270 0.0000 0.0971
002700 0.7796 0.1263 0.0000 0.0940
002750 0.7922 0.1189 0.0000 0.0889
002800 0.8007 0.1135 0.0000 0.0859
002850 0.8067 0.1109 0.0000 0.0823
002900 0.8148 0.1042 0.0000 0.0810
002950 0.8195 0.0970 0.0000 0.0835
003000 0.8199 0.0948 0.0000 0.0853
003050 0.8162 0.0912 0.0000 0.0926
003100 0.8064 0.0938 0.0000 0.0998
003150 0.8014 0.0974 0.0000 0.1011
003200 0.7981 0.1061 0.0000 0.0958
003250 0.7972 0.1155 0.0000 0.0873
003300 0.8043 0.1164 0.0000 0.0792
003350 0.8132 0.1066 0.0000 0.0802
003400 0.8192 0.0996 0.0000 0.0812
003450 0.8217 0.0948 0.0000 0.0836
003500 0.8221 0.0921 0.0000 0.0858
003550 0.8199 0.0949 0.0000 0.0852
003600 0.8159 0.0935 0.0000 0.0906
003650 0.8120 0.0958 0.0000 0.0922
003700 0.8039 0.0955 0.0000 0.1006
003750 0.7965 0.0966 0.0000 0.1069
003800 0.7888 0.1058 0.0000 0.1054
003850 0.7841 0.1155 0.0000 0.1004
003900 0.7876 0.1196 0.0000 0.0928
003950 0.7965 0.1225 0.0000 0.0810
004000 0.8066 0.1162 0.0000 0.0772
004050 0.8137 0.1103 0.0000 0.0760
004100 0.8203 0.1022 0.0000 0.0775
004150 0.8233 0.1006 0.0000 0.0761
004200 0.8282 0.0946 0.0000 0.0772
004250 0.8297 0.0890 0.0000 0.0813
004300 0.8275 0.0888 0.0000 0.0837
004350 0.8262 0.0900 0.0000 0.0838
004400 0.8287 0.0891 0.0000 0.0822
004450 0.8286 0.0910 0.0000 0.0803
004500 0.8274 0.0935 0.0000 0.0790
004550 0.8244 0.0965 0.0000 0.0791
004600 0.8241 0.0975 0.0000 0.0784
004650 0.8247 0.0951 0.0000 0.0802
004700 0.8240 0.0929 0.0000 0.0832
004750 0.8208 0.0884 0.0000 0.0908
004800 0.8139 0.0912 0.0000 0.0948
004850 0.8103 0.0948 0.0000 0.0949
004900 0.8093 0.0939 0.0000 0.0969
004950 0.8074 0.0949 0.0000 0.0977
005000 0.8033 0.1039 0.0000 0.0928
005050 0.8070 0.1040 0.0000 0.0890
005100 0.8123 0.0986 0.0000 0.0891
005150 0.8130 0.0969 0.0000 0.0901
005200 0.8118 0.1005 0.0000 0.0878
005250 0.8124 0.1044 0.0000 0.0832
005300 0.8139 0.1024 0.0000 0.0837
005350 0.8165 0.0988 0.0000 0.0847
005400 0.8177 0.0962 0.0000 0.0861
005450 0.8164 0.0910 0.0000 0.0926
005500 0.8096 0.0894 0.0000 0.1010
005550 0.8039 0.0931 0.0000 0.1030
005600 0.7989 0.0968 0.0000 0.1043
005650 0.7980 0.0978 0.0000 0.1041
005700 0.7998 0.0959 0.0000 0.1043
005750 0.7949 0.0980 0.0000 0.1071
005800 0.7908 0.1029 0.0000 0.1063
005850 0.7864 0.1048 0.0000 0.1088
005900 0.7817 0.1078 0.0000 0.1105
005950 0.7774 0.1103 0.0000 0.1123
006000 0.7772 0.1190 0.0000 0.1038
006050 0.7798 0.1226 0.0000 0.0976
006100 0.7824 0.1220 0.0000 0.0955
006150 0.7895 0.1190 0.0000 0.0916
006200 0.7957 0.1117 0.0000 0.0926
006250 0.8009 0.1086 0.0000 0.0905
006300 0.8040 0.1111 0.0000 0.0849
006350 0.8137 0.1057 0.0000 0.0806
006400 0.8179 0.0952 0.0000 0.0869
006450 0.8237 0.0885 0.0000 0.0878
006500 0.8248 0.0848 0.0000 0.0904
006550 0.8204 0.0882 0.0000 0.0913
006600 0.8126 0.0947 0.0000 0.0927
006650 0.8077 0.1008 0.0000 0.0914
006700 0.8062 0.1014 0.0000 0.0924
006750 0.8029 0.1030 0.0000 0.0941
006800 0.7989 0.1012 0.0000 0.0999
006850 0.7970 0.0959 0.0000 0.1071
006900 0.7894 0.0997 0.0000 0.1108
006950 0.7848 0.1026 0.0000 0.1126
007000 0.7807 0.1091 0.0000 0.1102
007050 0.7809 0.1166 0.0000 0.1025
007100 0.7839 0.1180 0.0000 0.0981
007150 0.7866 0.1179 0.0000 0.0954
007200 0.7924 0.1176 0.0000 0.0900
007250 0.7996 0.1154 0.0000 0.0850
007300 0.8072 0.1115 0.0000 0.0813
007350 0.8146 0.1049 0.0000 0.0805
007400 0.8188 0.1042 0.0000 0.0771
007450 0.8249 0.1008 0.0000 0.0743
007500 0.8263 0.0936 0.0000 0.0801
007550 0.8261 0.0888 0.0000 0.0851
007600 0.8206 0.0936 0.0000 0.0858
007650 0.8156 0.0980 0.0000 0.0864
007700 0.8139 0.0982 0.0000 0.0879
007750 0.8141 0.0988 0.0000 0.0871
007800 0.8159 0.0956 0.0000 0.0886
007850 0.8145 0.0924 0.0000 0.0931
007900 0.8102 0.0923 0.0000 0.0976
007950 0.8030 0.0995 0.0000 0.0975
008000 0.8011 0.1008 0.0000 0.0981
008050 0.8023 0.1015 0.0000 0.0963
008100 0.7986 0.1055 0.0000 0.0959
008150 0.7980 0.1099 0.0000 0.0922
008200 0.8014 0.1086 0.0000 0.0901
008250 0.8049 0.1044 0.0000 0.0907
008300 0.8097 0.0979 0.0000 0.0924
008350 0.8090 0.0936 0.0000 0.0974
008400 0.8032 0.0972 0.0000 0.0995
008450 0.7988 0.1048 0.0000 0.0964
008500 0.7975 0.1083 0.0000 0.0942
008550 0.7958 0.1103 0.0000 0.0939
008600 0.7940 0.1080 0.0000 0.0980
008650 0.7928 0.1063 0.0000 0.1010
008700 0.7916 0.1044 0.0000 0.1039
008750 0.7917 0.1063 0.0000 0.1020
008800 0.7916 0.1060 0.0000 0.1024
008850 0.7917 0.1057 0.0000 0.1026
008900 0.7886 0.1063 0.0000 0.1051
008950 0.7853 0.1070 0.0000 0.1077
009000 0.7768 0.1137 0.0000 0.1094
009050 0.7736 0.1122 0.0000 0.1142
009100 0.7735 0.1096 0.0000 0.1169
009150 0.7703 0.1117 0.0000 0.1180
009200 0.7676 0.1193 0.0000 0.1131
009250 0.7696 0.1236 0.0000 0.1068
009300 0.7703 0.1255 0.0000 0.1042
009350 0.7777 0.1282 0.0000 0.0941
009400 0.7901 0.1271 0.0000 0.0829
009450 0.8006 0.1195 0.0000 0.0799
009500 0.8110 0.1031 0.0000 0.0859
009550 0.8125 0.1011 0.0000 0.0864
009600 0.8105 0.1036 0.0000 0.0858
009650 0.8121 0.1030 0.0000 0.0850
009700 0.8099 0.1026 0.0000 0.0875
009750 0.8094 0.1004 0.0000 0.0902
009800 0.8062 0.1002 0.0000 0.0937
009850 0.8067 0.1017 0.0000 0.0916
009900 0.8091 0.0994 0.0000 0.0915
009950 0.8077 0.1027 0.0000 0.0896
010000 0.8095 0.1023 0.0000 0.0882
010050 0.8067 0.0997 0.0000 0.0936
010100 0.8000 0.1004 0.0000 0.0996
010150 0.7937 0.1024 0.0000 0.1039
010200 0.7917 0.1102 0.0000 0.0981
010250 0.7952 0.1120 0.0000 0.0927
010300 0.7973 0.1127 0.0000 0.0900
010350 0.8007 0.1094 0.0000 0.0899
010400 0.8079 0.1012 0.0000 0.0909
010450 0.8078 0.0991 0.0000 0.0931
010500 0.8063 0.1054 0.0000 0.0884
010550 0.8090 0.1091 0.0000 0.0819
010600 0.8111 0.1047 0.0000 0.0842
010650 0.8158 0.0935 0.0000 0.0907
010700 0.8137 0.0876 0.0000 0.0987
010750 0.8075 0.0889 0.0000 0.1036
010800 0.7978 0.0926 0.0000 0.1095
010850 0.7933 0.0982 0.0000 0.1085
010900 0.7850 0.1057 0.0000 0.1093
010950 0.7804 0.1109 0.0000 0.1087
011000 0.7813 0.1168 0.0000 0.1019
011050 0.7855 0.1212 0.0000 0.0933
011100 0.7942 0.1212 0.0000 0.0846
011150 0.8101 0.1097 0.0000 0.0803
011200 0.8180 0.1058 0.0000 0.0762
011250 0.8220 0.1013 0.0000 0.0767
011300 0.8231 0.0989 0.0000 0.0780
011350 0.8262 0.0981 0.0000 0.0757
011400 0.8329 0.0956 0.0000 0.0714
011450 0.8366 0.0935 0.0000 0.0699
011500 0.8389 0.0918 0.0000 0.0693
011550 0.8417 0.0883 0.0000 0.0700
011600 0.8442 0.0855 0.0000 0.0703
011650 0.8418 0.0823 0.0000 0.0759
011700 0.8361 0.0775 0.0000 0.0864
011750 0.8280 0.0791 0.0000 0.0930
011800 0.8207 0.0879 0.0000 0.0914
011850 0.8115 0.0978 0.0000 0.0907
011900 0.8120 0.0974 0.0000 0.0906
011950 0.8108 0.0989 0.0000 0.0903
012000 0.8099 0.1011 0.0000 0.0890
012050 0.8083 0.1069 0.0000 0.0848
012100 0.8128 0.1074 0.0000 0.0798
012150 0.8181 0.1031 0.0000 0.0788
012200 0.8187 0.1023 0.0000 0.0790
012250 0.8227 0.0983 0.0000 0.0790
012300 0.8227 0.0950 0.0000 0.0823
012350 0.8206 0.0903 0.0000 0.0892
012400 0.8174 0.0866 0.0000 0.0960
012450 0.8141 0.0860 0.0000 0.0999
012500 0.8050 0.0908 0.0000 0.1042
012550 0.7994 0.0947 0.0000 0.1059
012600 0.7932 0.1058 0.0000 0.1010
012650 0.7918 0.1116 0.0000 0.0967
012700 0.7951 0.1136 0.0000 0.0912
012750 0.7992 0.1131 0.0000 0.0877
012800 0.8058 0.1063 0.0000 0.0879
012850 0.8108 0.1011 0.0000 0.0881
012900 0.8077 0.1046 0.0000 0.0876
012950 0.8075 0.1046 0.0000 0.0879
013000 0.8089 0.0998 0.0000 0.0913
013050 0.8086 0.0971 0.0000 0.0944
013100 0.8084 0.0943 0.0000 0.0973
013150 0.8040 0.0997 0.0000 0.0962
013200 0.8006 0.1090 0.0000 0.0903
013250 0.8044 0.1068 0.0000 0.0887
013300 0.8072 0.1033 0.0000 0.0895
013350 0.8096 0.0987 0.0000 0.0916
013400 0.8090 0.0970 0.0000 0.0939
013450 0.8077 0.0944 0.0000 0.0979
013500 0.8010 0.0976 0.0000 0.1014
013550 0.7998 0.0979 0.0000 0.1023
013600 0.7984 0.0985 0.0000 0.1031
013650 0.7977 0.0989 0.0000 0.1033
013700 0.7952 0.1054 0.0000 0.0994
013750 0.7938 0.1087 0.0000 0.0975
013800 0.7921 0.1074 0.0000 0.1005
013850 0.7930 0.1044 0.0000 0.1025
013900 0.7911 0.0999 0.0000 0.1090
013950 0.7870 0.0975 0.0000 0.1155
014000 0.7774 0.1094 0.0000 0.1132
014050 0.7762 0.1161 0.0000 0.1077
014100 0.7761 0.1177 0.0000 0.1062
014150 0.7805 0.1160 0.0000 0.1035
014200 0.7818 0.1212 0.0000 0.0970
014250 0.7850 0.1206 0.0000 0.0944
014300 0.7883 0.1172 0.0000 0.0945
014350 0.7915 0.1093 0.0000 0.0991
014400 0.7876 0.1065 0.0000 0.1059
014450 0.7855 0.1087 0.0000 0.1057
014500 0.7839 0.1126 0.0000 0.1035
014550 0.7821 0.1154 0.0000 0.1025
014600 0.7801 0.1184 0.0000 0.1015
014650 0.7827 0.1200 0.0000 0.0973
014700 0.7870 0.1149 0.0000 0.0981
014750 0.7889 0.1123 0.0000 0.0989
014800 0.7918 0.1104 0.0000 0.0978
014850 0.7904 0.1129 0.0000 0.0967
014900 0.7908 0.1130 0.0000 0.0962
014950 0.7905 0.1134 0.0000 0.0961
015000 0.7920 0.1134 0.0000 0.0945
015050 0.7938 0.1115 0.0000 0.0947
015100 0.7947 0.1151 0.0000 0.0902
015150 0.7999 0.1116 0.0000 0.0885
015200 0.8042 0.1070 0.0000 0.0888
015250 0.8047 0.1021 0.0000 0.0932
015300 0.8005 0.1016 0.0000 0.0979
015350 0.8010 0.1010 0.0000 0.0980
015400 0.7992 0.1029 0.0000 0.0978
015450 0.7981 0.1048 0.0000 0.0970
015500 0.8000 0.1029 0.0000 0.0972
015550 0.8021 0.1058 0.0000 0.0921
015600 0.8030 0.1109 0.0000 0.0860
015650 0.8094 0.1080 0.0000 0.0826
015700 0.8094 0.1082 0.0000 0.0824
015750 0.8145 0.1046 0.0000 0.0810
015800 0.8161 0.1034 0.0000 0.0805
015850 0.8192 0.1006 0.0000 0.0802
015900 0.8228 0.0969 0.0000 0.0802
015950 0.8279 0.0880 0.0000 0.0841
016000 0.8254 0.0870 0.0000 0.0876
016050 0.8218 0.0955 0.0000 0.0826
016100 0.8194 0.1010 0.0000 0.0795
016150 0.8212 0.0964 0.0000 0.0824
016200 0.8206 0.0953 0.0000 0.0841
016250 0.8173 0.0929 0.0000 0.0899
016300 0.8128 0.0882 0.0000 0.0990
016350 0.8054 0.0868 0.0000 0.1079
016400 0.7921 0.0936 0.0000 0.1143
016450 0.7856 0.0995 0.0000 0.1148
016500 0.7806 0.1092 0.0000 0.1102
016550 0.7789 0.1128 0.0000 0.1083
016600 0.7786 0.1120 0.0000 0.1094
016650 0.7811 0.1136 0.0000 0.1053
016700 0.7864 0.1140 0.0000 0.0996
016750 0.7909 0.1168 0.0000 0.0922
016800 0.7956 0.1185 0.0000 0.0859
016850 0.8022 0.1094 0.0000 0.0885
016900 0.8028 0.1026 0.0000 0.0946
016950 0.7992 0.1039 0.0000 0.0969
017000 0.7973 0.1094 0.0000 0.0933
017050 0.7985 0.1096 0.0000 0.0919
017100 0.8010 0.1112 0.0000 0.0877
017150 0.8066 0.1063 0.0000 0.0871
017200 0.8114 0.1034 0.0000 0.0852
017250 0.8131 0.1036 0.0000 0.0833
017300 0.8196 0.0957 0.0000 0.0848
017350 0.8207 0.0928 0.0000 0.0865
017400 0.8207 0.0900 0.0000 0.0893
017450 0.8174 0.0911 0.0000 0.0915
017500 0.8132 0.0951 0.0000 0.0916
017550 0.8094 0.1003 0.0000 0.0903
017600 0.8074 0.1017 0.0000 0.0909
017650 0.8066 0.0989 0.0000 0.0945
017700 0.8059 0.0912 0.0000 0.1030
017750 0.8012 0.0915 0.0000 0.1073
017800 0.7883 0.1034 0.0000 0.1083
017850 0.7833 0.1106 0.0000 0.1061
017900 0.7870 0.1070 0.0000 0.1060
017950 0.7853 0.1105 0.0000 0.1042
018000 0.7876 0.1140 0.0000 0.0984
018050 0.7916 0.1154 0.0000 0.0930
018100 0.7959 0.1127 0.0000 0.0914
018150 0.8009 0.1078 0.0000 0.0913
018200 0.8030 0.1075 0.0000 0.0895
018250 0.8010 0.1053 0.0000 0.0937
018300 0.7982 0.1052 0.0000 0.0966
018350 0.7957 0.1046 0.0000 0.0997
018400 0.7937 0.1024 0.0000 0.1039
018450 0.7915 0.1023 0.0000 0.1063
018500 0.7885 0.1088 0.0000 0.1027
018550 0.7916 0.1090 0.0000 0.0995
018600 0.7877 0.1126 0.0000 0.0997
018650 0.7863 0.1160 0.0000 0.0977
018700 0.7878 0.1142 0.0000 0.0979
018750 0.7912 0.1130 0.0000 0.0958
018800 0.7973 0.1056 0.0000 0.0971
018850 0.7970 0.1021 0.0000 0.1009
018900 0.7940 0.1042 0.0000 0.1019
018950 0.7945 0.1142 0.0000 0.0913
019000 0.7998 0.1158 0.0000 0.0844
019050 0.8055 0.1125 0.0000 0.0821
019100 0.8111 0.1038 0.0000 0.0851
019150 0.8110 0.0965 0.0000 0.0925
019200 0.8088 0.0893 0.0000 0.1018
019250 0.8012 0.0908 0.0000 0.1080
019300 0.7924 0.0941 0.0000 0.1136
019350 0.7871 0.0976 0.0000 0.1153
019400 0.7818 0.1046 0.0000 0.1137
019450 0.7801 0.1098 0.0000 0.1101
019500 0.7790 0.1222 0.0000 0.0988
019550 0.7812 0.1249 0.0000 0.0939
019600 0.7843 0.1182 0.0000 0.0975
019650 0.7883 0.1123 0.0000 0.0994
019700 0.7912 0.1079 0.0000 0.1009
019750 0.7941 0.1032 0.0000 0.1027
019800 0.7918 0.1048 0.0000 0.1033
019850 0.7937 0.1061 0.0000 0.1002
019900 0.7941 0.1097 0.0000 0.0962
019950 0.7963 0.1146 0.0000 0.0891
020000 0.8007 0.1148 0.0000 0.0845
020050 0.8038 0.1082 0.0000 0.0880
020100 0.8076 0.1024 0.0000 0.0899
020150 0.8111 0.0983 0.0000 0.0906
020200 0.8090 0.0965 0.0000 0.0945
020250 0.8077 0.0966 0.0000 0.0957
020300 0.8048 0.1020 0.0000 0.0932
020350 0.8039 0.1063 0.0000 0.0899
020400 0.8039 0.1072 0.0000 0.0888
020450 0.8035 0.1086 0.0000 0.0879
020500 0.8065 0.1049 0.0000 0.0886
020550 0.8105 0.0996 0.0000 0.0899
020600 0.8115 0.0965 0.0000 0.0920
020650 0.8131 0.0942 0.0000 0.0926
020700 0.8111 0.0965 0.0000 0.0925
020750 0.8062 0.1048 0.0000 0.0891
020800 0.8110 0.1014 0.0000 0.0876
020850 0.8177 0.0970 0.0000 0.0853
020900 0.8151 0.1016 0.0000 0.0833
020950 0.8153 0.1027 0.0000 0.0819
021000 0.8164 0.1004 0.0000 0.0833
021050 0.8215 0.0939 0.0000 0.0846
021100 0.8259 0.0883 0.0000 0.0858
021150 0.8241 0.0844 0.0000 0.0915
021200 0.8189 0.0821 0.0000 0.0990
021250 0.8126 0.0872 0.0000 0.1002
021300 0.8074 0.0935 0.0000 0.0991
021350 0.8046 0.0957 0.0000 0.0997
021400 0.7966 0.1001 0.0000 0.1033
021450 0.7898 0.1072 0.0000 0.1031
021500 0.7874 0.1108 0.0000 0.1018
021550 0.7882 0.1056 0.0000 0.1061
021600 0.7896 0.1035 0.0000 0.1069
021650 0.7885 0.1045 0.0000 0.1070
021700 0.7859 0.1113 0.0000 0.1028
021750 0.7888 0.1199 0.0000 0.0914
021800 0.7925 0.1235 0.0000 0.0840
021850 0.7992 0.1175 0.0000 0.0832
021900 0.8061 0.1110 0.0000 0.0829
021950 0.8096 0.1037 0.0000 0.0867
022000 0.8096 0.0969 0.0000 0.0935
022050 0.8052 0.0943 0.0000 0.1005
022100 0.8030 0.0895 0.0000 0.1075
022150 0.7958 0.0912 0.0000 0.1130
022200 0.7870 0.0953 0.0000 0.1177
022250 0.7763 0.1041 0.0000 0.1196
022300 0.7708 0.1120 0.0000 0.1172
022350 0.7662 0.1178 0.0000 0.1159
022400 0.7650 0.1233 0.0000 0.1117
022450 0.7680 0.1202 0.0000 0.1118
022500 0.7691 0.1185 0.0000 0.1124
022550 0.7689 0.1232 0.0000 0.1079
022600 0.7754 0.1259 0.0000 0.0987
022650 0.7837 0.1264 0.0000 0.0899
022700 0.7925 0.1214 0.0000 0.0861
022750 0.8036 0.1141 0.0000 0.0824
022800 0.8097 0.1050 0.0000 0.0853
022850 0.8144 0.0981 0.0000 0.0875
022900 0.8116 0.0943 0.0000 0.0941
022950 0.8031 0.0980 0.0000 0.0990
023000 0.7977 0.0992 0.0000 0.1031
023050 0.7921 0.1057 0.0000 0.1023
023100 0.7891 0.1105 0.0000 0.1004
023150 0.7887 0.1177 0.0000 0.0936
023200 0.7968 0.1129 0.0000 0.0903
023250 0.7987 0.1089 0.0000 0.0924
023300 0.7986 0.1036 0.0000 0.0978
023350 0.7949 0.1021 0.0000 0.1030
023400 0.7863 0.1095 0.0000 0.1042
023450 0.7832 0.1156 0.0000 0.1012
023500 0.7829 0.1171 0.0000 0.0999
023550 0.7873 0.1143 0.0000 0.0984
023600 0.7933 0.1106 0.0000 0.0961
023650 0.7979 0.1032 0.0000 0.0989
023700 0.7982 0.0969 0.0000 0.1049
023750 0.7934 0.0958 0.0000 0.1108
023800 0.7841 0.1063 0.0000 0.1096
023850 0.7815 0.1140 0.0000 0.1045
023900 0.7830 0.1161 0.0000 0.1009
023950 0.7868 0.1187 0.0000 0.0945
024000 0.7905 0.1185 0.0000 0.0910
024050 0.7950 0.1185 0.0000 0.0865
024100 0.8055 0.1082 0.0000 0.0863
024150 0.8011 0.1045 0.0000 0.0944
024200 0.8015 0.1032 0.0000 0.0953
024250 0.8006 0.1038 0.0000 0.0955
024300 0.7998 0.1000 0.0000 0.1002
024350 0.7957 0.1027 0.0000 0.1016
024400 0.7915 0.0996 0.0000 0.1089
024450 0.7884 0.0996 0.0000 0.1120
024500 0.7817 0.1010 0.0000 0.1173
024550 0.7730 0.1067 0.0000 0.1204
024600 0.7693 0.1148 0.0000 0.1158
024650 0.7675 0.1237 0.0000 0.1087
024700 0.7708 0.1324 0.0000 0.0968
024750 0.7781 0.1355 0.0000 0.0864
024800 0.7913 0.1314 0.0000 0.0773
024850 0.8070 0.1146 0.0000 0.0785
024900 0.8162 0.1011 0.0000 0.0828
024950 0.8159 0.0974 0.0000 0.0867
025000 0.8147 0.0924 0.0000 0.0929
025050 0.8032 0.0938 0.0000 0.1030
025100 0.7960 0.0966 0.0000 0.1073
025150 0.7945 0.0992 0.0000 0.1063
025200 0.7909 0.1034 0.0000 0.1057
025250 0.7879 0.1128 0.0000 0.0994
025300 0.7888 0.1183 0.0000 0.0929
025350 0.7912 0.1178 0.0000 0.0910
025400 0.7956 0.1133 0.0000 0.0911
025450 0.8000 0.1103 0.0000 0.0897
025500 0.8075 0.1018 0.0000 0.0908
025550 0.8109 0.0958 0.0000 0.0933
025600 0.8094 0.0981 0.0000 0.0924
025650 0.8094 0.1009 0.0000 0.0898
025700 0.8104 0.1029 0.0000 0.0867
025750 0.8098 0.1051 0.0000 0.0851
025800 0.8106 0.0996 0.0000 0.0898
025850 0.8101 0.0989 0.0000 0.0910
025900 0.8107 0.0931 0.0000 0.0961
025950 0.8058 0.0913 0.0000 0.1029
026000 0.7991 0.0949 0.0000 0.1060
026050 0.7956 0.0971 0.0000 0.1073
026100 0.7910 0.1032 0.0000 0.1058
026150 0.7887 0.1065 0.0000 0.1048
026200 0.7887 0.1044 0.0000 0.1070
026250 0.7859 0.1082 0.0000 0.1058
026300 0.7858 0.1166 0.0000 0.0976
026350 0.7900 0.1194 0.0000 0.0905
026400 0.8013 0.1111 0.0000 0.0877
026450 0.8071 0.1062 0.0000 0.0867
026500 0.8075 0.1088 0.0000 0.0837
026550 0.8127 0.1008 0.0000 0.0864
026600 0.8142 0.0981 0.0000 0.0877
026650 0.8145 0.0943 0.0000 0.0912
026700 0.8141 0.0905 0.0000 0.0955
026750 0.8098 0.0906 0.0000 0.0996
026800 0.8025 0.0927 0.0000 0.1048
026850 0.7998 0.0944 0.0000 0.1059
026900 0.7940 0.0951 0.0000 0.1109
026950 0.7858 0.0955 0.0000 0.1187
027000 0.7787 0.1020 0.0000 0.1192
027050 0.7653 0.1168 0.0000 0.1180
027100 0.7603 0.1240 0.0000 0.1157
027150 0.7619 0.1227 0.0000 0.1154
027200 0.7667 0.1230 0.0000 0.1104
027250 0.7736 0.1165 0.0000 0.1099
027300 0.7737 0.1189 0.0000 0.1074
027350 0.7781 0.1265 0.0000 0.0954
027400 0.7822 0.1298 0.0000 0.0880
027450 0.7888 0.1249 0.0000 0.0863
027500 0.7928 0.1209 0.0000 0.0863
027550 0.8012 0.1137 0.0000 0.0852
027600 0.8076 0.1087 0.0000 0.0837
027650 0.8126 0.1032 0.0000 0.0841
027700 0.8120 0.0991 0.0000 0.0889
027750 0.8133 0.0943 0.0000 0.0925
027800 0.8123 0.0901 0.0000 0.0976
027850 0.8080 0.0864 0.0000 0.1056
027900 0.7998 0.0900 0.0000 0.1102
027950 0.7935 0.0999 0.0000 0.1066
028000 0.7880 0.1103 0.0000 0.1018
028050 0.7867 0.1163 0.0000 0.0970
028100 0.7885 0.1113 0.0000 0.1001
028150 0.7864 0.1072 0.0000 0.1064
028200 0.7851 0.1099 0.0000 0.1050
028250 0.7812 0.1133 0.0000 0.1055
028300 0.7770 0.1182 0.0000 0.1048
028350 0.7824 0.1157 0.0000 0.1019
028400 0.7874 0.1141 0.0000 0.0985
028450 0.7944 0.1149 0.0000 0.0907
028500 0.8034 0.1132 0.0000 0.0835
028550 0.8077 0.1110 0.0000 0.0813
028600 0.8155 0.1099 0.0000 0.0746
028650 0.8263 0.0996 0.0000 0.0741
028700 0.8311 0.0929 0.0000 0.0761
028750 0.8296 0.0909 0.0000 0.0795
028800 0.8291 0.0880 0.0000 0.0829
028850 0.8272 0.0838 0.0000 0.0890
028900 0.8213 0.0828 0.0000 0.0959
028950 0.8123 0.0861 0.0000 0.1016
029000 0.8010 0.0934 0.0000 0.1056
029050 0.7972 0.0971 0.0000 0.1057
029100 0.7926 0.0990 0.0000 0.1084
029150 0.7887 0.1004 0.0000 0.1109
029200 0.7838 0.1070 0.0000 0.1091
029250 0.7799 0.1148 0.0000 0.1054
029300 0.7832 0.1139 0.0000 0.1029
029350 0.7817 0.1151 0.0000 0.1032
029400 0.7869 0.1123 0.0000 0.1008
029450 0.7910 0.1103 0.0000 0.0987
029500 0.7934 0.1108 0.0000 0.0958
029550 0.7967 0.1087 0.0000 0.0946
029600 0.7962 0.1085 0.0000 0.0953
029650 0.7973 0.1097 0.0000 0.0929
029700 0.7995 0.1110 0.0000 0.0896
029750 0.8019 0.1028 0.0000 0.0953
029800 0.7993 0.0984 0.0000 0.1023
029850 0.7952 0.0987 0.0000 0.1061
029900 0.7880 0.1100 0.0000 0.1021
029950 0.7878 0.1186 0.0000 0.0936
030000 0.7928 0.1172 0.0000 0.0901
030050 0.7963 0.1165 0.0000 0.0872
030100 0.8040 0.1120 0.0000 0.0840
030150 0.8106 0.1049 0.0000 0.0844
030200 0.8127 0.1002 0.0000 0.0871
030250 0.8127 0.0989 0.0000 0.0884
030300 0.8133 0.0945 0.0000 0.0921
030350 0.8127 0.0935 0.0000 0.0938
030400 0.8068 0.0959 0.0000 0.0973
030450 0.8016 0.0986 0.0000 0.0998
030500 0.7961 0.1023 0.0000 0.1016
030550 0.7946 0.1102 0.0000 0.0952
030600 0.7955 0.1174 0.0000 0.0871
030650 0.8028 0.1112 0.0000 0.0860
030700 0.8060 0.1037 0.0000 0.0902
030750 0.8110 0.0974 0.0000 0.0916
030800 0.8099 0.0975 0.0000 0.0926
030850 0.8096 0.0991 0.0000 0.0913
030900 0.8076 0.1013 0.0000 0.0911
030950 0.8089 0.1002 0.0000 0.0909
031000 0.8062 0.0993 0.0000 0.0945
031050 0.8019 0.0968 0.0000 0.1013
031100 0.7980 0.0941 0.0000 0.1079
031150 0.7895 0.0961 0.0000 0.1144
031200 0.7828 0.0994 0.0000 0.1178
031250 0.7746 0.1117 0.0000 0.1137
031300 0.7731 0.1204 0.0000 0.1065
031350 0.7783 0.1234 0.0000 0.0983
031400 0.7865 0.1250 0.0000 0.0885
031450 0.7979 0.1186 0.0000 0.0835
031500 0.8060 0.1106 0.0000 0.0833
031550 0.8147 0.1017 0.0000 0.0836
031600 0.8190 0.0938 0.0000 0.0872
031650 0.8162 0.0955 0.0000 0.0883
031700 0.8103 0.1009 0.0000 0.0888
031750 0.8072 0.0991 0.0000 0.0936
031800 0.8015 0.1011 0.0000 0.0974
031850 0.8026 0.0998 0.0000 0.0975
031900 0.7999 0.1117 0.0000 0.0884
031950 0.8077 0.1104 0.0000 0.0819
032000 0.8111 0.1087 0.0000 0.0802
032050 0.8169 0.1041 0.0000 0.0789
032100 0.8206 0.1000 0.0000 0.0794
032150 0.8223 0.0966 0.0000 0.0811
032200 0.8240 0.0948 0.0000 0.0812
032250 0.8246 0.0947 0.0000 0.0807
032300 0.8219 0.0964 0.0000 0.0817
032350 0.8188 0.0953 0.0000 0.0859
032400 0.8199 0.0938 0.0000 0.0863
032450 0.8201 0.0903 0.0000 0.0896
032500 0.8136 0.0905 0.0000 0.0959
032550 0.8074 0.0913 0.0000 0.1012
032600 0.8064 0.0934 0.0000 0.1003
032650 0.8038 0.0977 0.0000 0.0985
032700 0.8024 0.1004 0.0000 0.0972
032750 0.8014 0.0972 0.0000 0.1014
032800 0.8008 0.0956 0.0000 0.1036
032850 0.7985 0.1043 0.0000 0.0972
032900 0.7977 0.1119 0.0000 0.0904
032950 0.8000 0.1116 0.0000 0.0884
033000 0.8051 0.1046 0.0000 0.0902
033050 0.8013 0.1021 0.0000 0.0966
033100 0.7993 0.1050 0.0000 0.0957
033150 0.7992 0.1062 0.0000 0.0946
033200 0.8011 0.1044 0.0000 0.0945
033250 0.8066 0.0976 0.0000 0.0957
033300 0.8032 0.1030 0.0000 0.0938
033350 0.8048 0.1066 0.0000 0.0886
033400 0.8069 0.1078 0.0000 0.0853
033450 0.8117 0.1048 0.0000 0.0836
033500 0.8129 0.1026 0.0000 0.0845
033550 0.8154 0.0989 0.0000 0.0857
033600 0.8181 0.0951 0.0000 0.0868
033650 0.8167 0.1006 0.0000 0.0827
033700 0.8165 0.0993 0.0000 0.0842
033750 0.8204 0.0928 0.0000 0.0868
033800 0.8192 0.0912 0.0000 0.0896
033850 0.8173 0.0889 0.0000 0.0938
033900 0.8128 0.0881 0.0000 0.0990
033950 0.8085 0.0911 0.0000 0.1004
034000 0.8038 0.0925 0.0000 0.1037
034050 0.7998 0.0966 0.0000 0.1035
034100 0.7926 0.1040 0.0000 0.1034
034150 0.7904 0.1057 0.0000 0.1039
034200 0.7871 0.1091 0.0000 0.1038
034250 0.7896 0.1129 0.0000 0.0974
034300 0.7923 0.1128 0.0000 0.0949
034350 0.7958 0.1045 0.0000 0.0997
034400 0.7944 0.1044 0.0000 0.1012
034450 0.7970 0.1042 0.0000 0.0988
034500 0.7959 0.1107 0.0000 0.0934
034550 0.7995 0.1108 0.0000 0.0897
034600 0.7997 0.1121 0.0000 0.0882
034650 0.8024 0.1113 0.0000 0.0863
034700 0.8068 0.1095 0.0000 0.0836
034750 0.8151 0.1034 0.0000 0.0815
034800 0.8181 0.1003 0.0000 0.0815
034850 0.8266 0.1001 0.0000 0.0733
034900 0.8329 0.0952 0.0000 0.0719
034950 0.8357 0.0908 0.0000 0.0735
035000 0.8360 0.0855 0.0000 0.0786
035050 0.8379 0.0839 0.0000 0.0782
035100 0.8357 0.0805 0.0000 0.0839
035150 0.8313 0.0760 0.0000 0.0927
035200 0.8238 0.0762 0.0000 0.1000
035250 0.8172 0.0818 0.0000 0.1010
035300 0.8097 0.0863 0.0000 0.1040
035350 0.8008 0.0967 0.0000 0.1025
035400 0.7976 0.0990 0.0000 0.1035
035450 0.7966 0.1019 0.0000 0.1015
035500 0.8001 0.1034 0.0000 0.0965
035550 0.8027 0.1061 0.0000 0.0912
035600 0.8059 0.1050 0.0000 0.0891
035650 0.8068 0.1061 0.0000 0.0871
035700 0.8074 0.1047 0.0000 0.0879
035750 0.8068 0.1014 0.0000 0.0919
035800 0.8082 0.1001 0.0000 0.0917
035850 0.8101 0.1028 0.0000 0.0871
035900 0.8103 0.1041 0.0000 0.0856
035950 0.8083 0.1020 0.0000 0.0897
036000 0.8068 0.0993 0.0000 0.0939
036050 0.8058 0.1002 0.0000 0.0940
036100 0.8066 0.0996 0.0000 0.0939
036150 0.8059 0.1030 0.0000 0.0911
036200 0.8083 0.1033 0.0000 0.0884
036250 0.8094 0.0972 0.0000 0.0935
036300 0.8089 0.0927 0.0000 0.0984
036350 0.8098 0.0928 0.0000 0.0974
036400 0.8066 0.0981 0.0000 0.0953
036450 0.8021 0.1014 0.0000 0.0965
036500 0.7986 0.1027 0.0000 0.0987
036550 0.7975 0.1050 0.0000 0.0976
036600 0.7990 0.1038 0.0000 0.0973
036650 0.8008 0.0986 0.0000 0.1006
036700 0.7959 0.1003 0.0000 0.1037
036750 0.7945 0.1020 0.0000 0.1035
036800 0.7908 0.1042 0.0000 0.1050
036850 0.7896 0.1049 0.0000 0.1055
036900 0.7856 0.1098 0.0000 0.1046
036950 0.7880 0.1142 0.0000 0.0977
037000 0.7884 0.1154 0.0000 0.0962
037050 0.7936 0.1085 0.0000 0.0980
037100 0.7934 0.1052 0.0000 0.1014
037150 0.7958 0.1109 0.0000 0.0933
037200 0.7963 0.1142 0.0000 0.0894
037250 0.7993 0.1136 0.0000 0.0870
037300 0.8014 0.1113 0.0000 0.0874
037350 0.8059 0.1066 0.0000 0.0874
037400 0.8126 0.1038 0.0000 0.0836
037450 0.8141 0.1035 0.0000 0.0824
037500 0.8194 0.1012 0.0000 0.0794
037550 0.8211 0.1017 0.0000 0.0772
037600 0.8265 0.0956 0.0000 0.0780
037650 0.8244 0.0928 0.0000 0.0828
037700 0.8213 0.0892 0.0000 0.0895
037750 0.8172 0.0889 0.0000 0.0938
037800 0.8148 0.0906 0.0000 0.0946
037850 0.8129 0.0924 0.0000 0.0947
037900 0.8097 0.0955 0.0000 0.0948
037950 0.8065 0.0993 0.0000 0.0942
038000 0.8036 0.1059 0.0000 0.0905
038050 0.8012 0.1090 0.0000 0.0898
038100 0.8063 0.1081 0.0000 0.0856
038150 0.8120 0.1030 0.0000 0.0850
038200 0.8183 0.0998 0.0000 0.0819
038250 0.8194 0.0993 0.0000 0.0813
038300 0.8210 0.0923 0.0000 0.0867
038350 0.8153 0.0900 0.0000 0.0947
038400 0.8101 0.0945 0.0000 0.0954
038450 0.8052 0.0964 0.0000 0.0983
038500 0.8012 0.0963 0.0000 0.1026
038550 0.7968 0.1017 0.0000 0.1014
038600 0.7960 0.1044 0.0000 0.0996
038650 0.7946 0.1060 0.0000 0.0994
038700 0.7913 0.1089 0.0000 0.0999
038750 0.7951 0.1073 0.0000 0.0975
038800 0.7980 0.1079 0.0000 0.0942
038850 0.8009 0.1132 0.0000 0.0859
038900 0.8105 0.1095 0.0000 0.0800
038950 0.8172 0.1011 0.0000 0.0817
039000 0.8162 0.0982 0.0000 0.0856
039050 0.8157 0.0965 0.0000 0.0878
039100 0.8175 0.0929 0.0000 0.0896
039150 0.8179 0.0944 0.0000 0.0877
039200 0.8157 0.0914 0.0000 0.0929
039250 0.8156 0.0884 0.0000 0.0960
039300 0.8121 0.0892 0.0000 0.0988
039350 0.8110 0.0918 0.0000 0.0973
039400 0.8105 0.0950 0.0000 0.0945
039450 0.8088 0.0957 0.0000 0.0955
039500 0.8071 0.0958 0.0000 0.0971
039550 0.8042 0.0984 0.0000 0.0974
039600 0.8009 0.1002 0.0000 0.0989
039650 0.7977 0.1057 0.0000 0.0965
039700 0.7983 0.1082 0.0000 0.0935
039750 0.7983 0.1074 0.0000 0.0943
039800 0.8012 0.1084 0.0000 0.0903
039850 0.8037 0.1072 0.0000 0.0890
039900 0.8092 0.1062 0.0000 0.0846
039950 0.8097 0.1069 0.0000 0.0834
040000 0.8158 0.1027 0.0000 0.0815
040050 0.8166 0.1000 0.0000 0.0834
040100 0.8166 0.1000 0.0000 0.0834
040150 0.8166 0.1000 0.0000 0.0834
040200 0.8166 0.1000 0.0000 0.0834
040250 0.8166 0.1000 0.0000 0.0834
040300 0.8166 0.1000 0.0000 0.0834
040350 0.8166 0.1000 0.0000 0.0834
040400 0.8166 0.1000 0.0000 0.0834
040450 0.8166 0.1000 0.0000 0.0834
040500 0.8166 0.1000 0.0000 0.0834
040550 0.8166 0.1000 0.0000 0.0834
040600 0.8166 0.1000 0.0000 0.0834
040650 0.8166 0.1000 0.0000 0.0834
040700 0.8166 0.1000 0.0000 0.0834
040750 0.8166 0.1000 0.0000 0.0834
040800 0.8166 0.1000 0.0000 0.0834
040850 0.8166 0.1000 0.0000 0.0834
040900 0.8166 0.1000 0.0000 0.0834
040950 0.8166 0.1000 0.0000 0.0834
041000 0.8166 0.1000 0.0000 0.0834
041050 0.8166 0.1000 0.0000 0.0834
041100 0.8166 0.1000 0.0000 0.0834
041150 0.8166 0.1000 0.0000 0.0834
041200 0.8166 0.1000 0.0000 0.0834
041250 0.8166 0.1000 0.0000 0.0834
041300 0.8166 0.1000 0.0000 0.0834
041350 0.8166 0.1000 0.0000 0.0834
041400 0.8166 0.1000 0.0000 0.0834
041450 0.8166 0.1000 0.0000 0.0834
041500 0.8166 0.1000 0.0000 0.0834
041550 0.8166 0.1000 0.0000 0.0834
041600 0.8166 0.1000 0.0000 0.0834
041650 0.8166 0.1000 0.0000 0.0834
041700 0.8166 0.1000 0.0000 0.0834
041750 0.8166 0.1000 0.0000 0.0834
041800 0.8166 0.1000 0.0000 0.0834
041850 0.8166 0.1000 0.0000 0.0834
041900 0.8166 0.1000 0.0000 0.0834
041950 0.8166 0.1000 0.0000 0.0834
042000 0.8166 0.1000 0.0000 0.0834
042050 0.8166 0.1000 0.0000 0.0834
042100 0.8166 0.1000 0.0000 0.0834
042150 0.8166 0.1000 0.0000 0.0834
042200 0.8166 0.1000 0.0000 0.0834
042250 0.8166 0.1000 0.0000 0.0834
042300 0.8166 0.1000 0.0000 0.0834
042350 0.8166 0.1000 0.0000 0.0834
042400 0.8166 0.1000 0.0000 0.0834
042450 0.8166 0.1000 0.0000 0.0834
042500 0.8166 0.1000 0.0000 0.0834
042550 0.8166 0.1000 0.0000 0.0834
042600 0.8166 0.1000 0.0000 0.0834
042650 0.8166 0.1000 0.0000 0.0834
042700 0.8166 0.1000 0.0000 0.0834
042750 0.8166 0.1000 0.0000 0.0834
042800 0.8166 0.1000 0.0000 0.0834
042850 0.8166 0.1000 0.0000 0.0834
042900 0.8166 0.1000 0.0000 0.0834
042950 0.8166 0.1000 0.0000 0.0834
043000 0.8166 0.1000 0.0000 0.0834
043050 0.8166 0.1000 0.0000 0.0834
043100 0.8166 0.1000 0.0000 0.0834
043150 0.8166 0.1000 0.0000 0.0834
043200 0.8166 0.1000 0.0000 0.0834
043250 0.8166 0.1000 0.0000 0.0834
043300 0.8166 0.1000 0.0000 0.0834
043350 0.8166 0.1000 0.0000 0.0834
043400 0.8166 0.1000 0.0000 0.0834
043450 0.8166 0.1000 0.0000 0.0834
043500 0.8166 0.1000 0.0000 0.0834
043550 0.8166 0.1000 0.0000 0.0834
043600 0.8166 0.1000 0.0000 0.0834
043650 0.8166 0.1000 0.0000 0.0834
043700 0.8166 0.1000 0.0000 0.0834
043750 0.8166 0.1000 0.0000 0.0834
043800 0.8166 0.1000 0.0000 0.0834
043850 0.8166 0.1000 0.0000 0.0834
043900 0.8166 0.1000 0.0000 0.0834
043950 0.8166 0.1000 0.0000 0.0834
044000 0.8166 0.1000 0.0000 0.0834
044050 0.8166 0.1000 0.0000 0.0834
044100 0.8166 0.1000 0.0000 0.0834
044150 0.8166 0.1000 0.0000 0.0834
044200 0.8166 0.1000 0.0000 0.0834
044250 0.8166 0.1000 0.0000 0.0834
044300 0.8166 0.1000 0.0000 0.0834
044350 0.8166 0.1000 0.0000 0.0834
044400 0.8166 0.1000 0.0000 0.0834
044450 0.8166 0.1000 0.0000 0.0834
044500 0.8166 0.1000 0.0000 0.0834
044550 0.8166 0.1000 0.0000 0.0834
044600 0.8166 0.1000 0.0000 0.0834
044650 0.8166 0.1000 0.0000 0.0834
044700 0.8166 0.1000 0.0000 0.0834
044750 0.8166 0.1000 0.0000 0.0834
044800 0.8166 0.1000 0.0000 0.0834
044850 0.8166 0.1000 0.0000 0.0834
044900 0.8166 0.1000 0.0000 0.0834
044950 0.8166 0.1000 0.0000 0.0834
045000 0.8166 0.1000 0.0000 0.0834
045050 0.8166 0.1000 0.0000 0.0834
045100 0.8166 0.1000 0.0000 0.0834
045150 0.8166 0.1000 0.0000 0.0834
045200 0.8166 0.1000 0.0000 0.0834
045250 0.8166 0.1000 0.0000 0.0834
045300 0.8166 0.1000 0.0000 0.0834
045350 0.8166 0.1000 0.0000 0.0834
045400 0.8166 0.1000 0.0000 0.0834
045450 0.8166 0.1000 0.0000 0.0834
045500 0.8166 0.1000 0.0000 0.0834
045550 0.8166 0.1000 0.0000 0.0834
045600 0.8166 0.1000 0.0000 0.0834
045650 0.8166 0.1000 0.0000 0.0834
045700 0.8166 0.1000 0.0000 0.0834
045750 0.8166 0.1000 0.0000 0.0834
045800 0.8166 0.1000 0.0000 0.0834
045850 0.8166 0.1000 0.0000 0.0834
045900 0.8166 0.1000 0.0000 0.0834
045950 0.8166 0.1000 0.0000 0.0834
046000 0.8166 0.1000 0.0000 0.0834
046050 0.8166 0.1000 0.0000 0.0834
046100 0.8166 0.1000 0.0000 0.0834
046150 0.8166 0.1000 0.0000 0.0834
046200 0.8166 0.1000 0.0000 0.0834
046250 0.8166 0.1000 0.0000 0.0834
046300 0.8166 0.1000 0.0000 0.0834
046350 0.8166 0.1000 0.0000 0.0834
046400 0.8166 0.1000 0.0000 0.0834
046450 0.8166 0.1000 0.0000 0.0834
046500 0.8166 0.1000 0.0000 0.0834
046550 0.8166 0.1000 0.0000 0.0834
046600 0.8166 0.1000 0.0000 0.0834
046650 0.8166 0.1000 0.0000 0.0834
046700 0.8166 0.1000 0.0000 0.0834
046750 0.8166 0.1000 0.0000 0.0834
046800 0.8166 0.1000 0.0000 0.0834
046850 0.8166 0.1000 0.0000 0.0834
046900 0.8166 0.1000 0.0000 0.0834
046950 0.8166 0.1000 0.0000 0.0834
047000 0.8166 0.1000 0.0000 0.0834
047050 0.8166 0.1000 0.0000 0.0834
047100 0.8166 0.1000 0.0000 0.0834
047150 0.8166 0.1000 0.0000 0.0834
047200 0.8166 0.1000 0.0000 0.0834
047250 0.8166 0.1000 0.0000 0.0834
047300 0.8166 0.1000 0.0000 0.0834
047350 0.8166 0.1000 0.0000 0.0834
047400 0.8166 0.1000 0.0000 0.0834
047450 0.8166 0.1000 0.0000 0.0834
047500 0.8166 0.1000 0.0000 0.0834
047550 0.8166 0.1000 0.0000 0.0834
047600 0.8166 0.1000 0.0000 0.0834
047650 0.8166 0.1000 0.0000 0.0834
047700 0.8166 0.1000 0.0000 0.0834
047750 0.8166 0.1000 0.0000 0.0834
047800 0.8166 0.1000 0.0000 0.0834
047850 0.8166 0.1000 0.0000 0.0834
047900 0.8166 0.1000 0.0000 0.0834
047950 0.8166 0.1000 0.0000 0.0834
048000 0.8166 0.1000 0.0000 0.0834
048050 0.8166 0.1000 0.0000 0.0834
048100 0.8166 0.1000 0.0000 0.0834
048150 0.8166 0.1000 0.0000 0.0834
048200 0.8166 0.1000 0.0000 0.0834
048250 0.8166 0.1000 0.0000 0.0834
048300 0.8166 0.1000 0.0000 0.0834
048350 0.8166 0.1000 0.0000 0.0834
048400 0.8166 0.1000 0.0000 0.0834
048450 0.8166 0.1000 0.0000 0.0834
048500 0.8166 0.1000 0.0000 0.0834
048550 0.8166 0.1000 0.0000 0.0834
048600 0.8166 0.1000 0.0000 0.0834
048650 0.8166 0.1000 0.0000 0.0834
048700 0.8166 0.1000 0.0000 0.0834
048750 0.8166 0.1000 0.0000 0.0834
048800 0.8166 0.1000 0.0000 0.0834
048850 0.8166 0.1000 0.0000 0.0834
048900 0.8166 0.1000 0.0000 0.0834
048950 0.8166 0.1000 0.0000 0.0834
049000 0.8166 0.1000 0.0000 0.0834
049050 0.8166 0.1000 0.0000 0.0834
049100 0.8166 0.1000 0.0000 0.0834
049150 0.8166 0.1000 0.0000 0.0834
049200 0.8166 0.1000 0.0000 0.0834
049250 0.8166 0.1000 0.0000 0.0834
049300 0.8166 0.1000 0.0000 0.0834
049350 0.8166 0.1000 0.0000 0.0834
049400 0.8166 0.1000 0.0000 0.0834
049450 0.8166 0.1000 0.0000 0.0834
049500 0.8166 0.1000 0.0000 0.0834
049550 0.8166 0.1000 0.0000 0.0834
049600 0.8166 0.1000 0.0000 0.0834
049650 0.8166 0.1000 0.0000 0.0834
049700 0.8166 0.1000 0.0000 0.0834
049750 0.8166 0.1000 0.0000 0.0834
049800 0.8166 0.1000 0.0000 0.0834
049850 0.8166 0.1000 0.0000 0.0834
049900 0.8166 0.1000 0.0000 0.0834
049950 0.8166 0.1000 0.0000 0.0834
050000 0.8166 0.1000 0.0000 0.0834
050050 0.8166 0.1000 0.0000 0.0834
050100 0.8166 0.1000 0.0000 0.0834
050150 0.8166 0.1000 0.0000 0.0834
050200 0.8166 0.1000 0.0000 0.0834
050250 0.8166 0.1000 0.0000 0.0834
050300 0.8166 0.1000 0.0000 0.0834
050350 0.8166 0.1000 0.0000 0.0834
050400 0.8166 0.1000 0.0000 0.0834
050450 0.8166 0.1000 0.0000 0.0834
050500 0.8166 0.1000 0.0000 0.0834
050550 0.8166 0.1000 0.0000 0.0834
050600 0.8166 0.1000 0.0000 0.0834
050650 0.8166 0.1000 0.0000 0.0834
050700 0.8166 0.1000 0.0000 0.0834
050750 0.8166 0.1000 0.0000 0.0834
050800 0.8166 0.1000 0.0000 0.0834
050850 0.8166 0.1000 0.0000 0.0834
050900 0.8166 0.1000 0.0000 0.0834
050950 0.8166 0.1000 0.0000 0.0834
051000 0.8166 0.1000 0.0000 0.0834
051050 0.8166 0.1000 0.0000 0.0834
051100 0.8166 0.1000 0.0000 0.0834
051150 0.8166 0.1000 0.0000 0.0834
051200 0.8166 0.1000 0.0000 0.0834
051250 0.8166 0.1000 0.0000 0.0834
051300 0.8166 0.1000 0.0000 0.0834
051350 0.8166 0.1000 0.0000 0.0834
051400 0.8166 0.1000 0.0000 0.0834
051450 0.8166 0.1000 0.0000 0.0834
051500 0.8166 0.1000 0.0000 0.0834
051550 0.8166 0.1000 0.0000 0.0834
051600 0.8166 0.1000 0.0000 0.0834
051650 0.8166 0.1000 0.0000 0.0834
051700 0.8166 0.1000 0.0000 0.0834
051750 0.8166 0.1000 0.0000 0.0834
051800 0.8166 0.1000 0.0000 0.0834
051850 0.8166 0.1000 0.0000 0.0834
051900 0.8166 0.1000 0.0000 0.0834
051950 0.8166 0.1000 0.0000 0.0834
052000 0.8166 0.1000 0.0000 0.0834
052050 0.8166 0.1000 0.0000 0.0834
052100 0.8166 0.1000 0.0000 0.0834
052150 0.8166 0.1000 0.0000 0.0834
052200 0.8166 0.1000 0.0000 0.0834
052250 0.8166 0.1000 0.0000 0.0834
052300 0.8166 0.1000 0.0000 0.0834
052350 0.8166 0.1000 0.0000 0.0834
052400 0.8166 0.1000 0.0000 0.0834
052450 0.8166 0.1000 0.0000 0.0834
052500 0.8166 0.1000 0.0000 0.0834
052550 0.8166 0.1000 0.0000 0.0834
052600 0.8166 0.1000 0.0000 0.0834
052650 0.8166 0.1000 0.0000 0.0834
052700 0.8166 0.1000 0.0000 0.0834
052750 0.8166 0.1000 0.0000 0.0834
052800 0.8166 0.1000 0.0000 0.0834
052850 0.8166 0.1000 0.0000 0.0834
052900 0.8166 0.1000 0.0000 0.0834
052950 0.8166 0.1000 0.0000 0.0834
053000 0.8166 0.1000 0.0000 0.0834
053050 0.8166 0.1000 0.0000 0.0834
053100 0.8166 0.1000 0.0000 0.0834
053150 0.8166 0.1000 0.0000 0.0834
053200 0.8166 0.1000 0.0000 0.0834
053250 0.8166 0.1000 0.0000 0.0834
053300 0.8166 0.1000 0.0000 0.0834
053350 0.8166 0.1000 0.0000 0.0834
053400 0.8166 0.1000 0.0000 0.0834
053450 0.8166 0.1000 0.0000 0.0834
053500 0.8166 0.1000 0.0000 0.0834
053550 0.8166 0.1000 0.0000 0.0834
053600 0.8166 0.1000 0.0000 0.0834
053650 0.8166 0.1000 0.0000 0.0834
053700 0.8166 0.1000 0.0000 0.0834
053750 0.8166 0.1000 0.0000 0.0834
053800 0.8166 0.1000 0.0000 0.0834
053850 0.8166 0.1000 0.0000 0.0834
053900 0.8166 0.1000 0.0000 0.0834
053950 0.8166 0.1000 0.0000 0.0834
054000 0.8166 0.1000 0.0000 0.0834
054050 0.8166 0.1000 0.0000 0.0834
054100 0.8166 0.1000 0.0000 0.0834
054150 0.8166 0.1000 0.0000 0.0834
054200 0.8166 0.1000 0.0000 0.0834
054250 0.8166 0.1000 0.0000 0.0834
054300 0.8166 0.1000 0.0000 0.0834
054350 0.8166 0.1000 0.0000 0.0834
054400 0.8166 0.1000 0.0000 0.0834
054450 0.8166 0.1000 0.0000 0.0834
054500 0.8166 0.1000 0.0000 0.0834
054550 0.8166 0.1000 0.0000 0.0834
054600 0.8166 0.1000 0.0000 0.0834
054650 0.8166 0.1000 0.0000 0.0834
054700 0.8166 0.1000 0.0000 0.0834
054750 0.8166 0.1000 0.0000 0.0834
054800 0.8166 0.1000 0.0000 0.0834
054850 0.8166 0.1000 0.0000 0.0834
054900 0.8166 0.1000 0.0000 0.0834
054950 0.8166 0.1000 0.0000 0.0834
055000 0.8166 0.1000 0.0000 0.0834
055050 0.8166 0.1000 0.0000 0.0834
055100 0.8166 0.1000 0.0000 0.0834
055150 0.8166 0.1000 0.0000 0.0834
055200 0.8166 0.1000 0.0000 0.0834
055250 0.8166 0.1000 0.0000 0.0834
055300 0.8166 0.1000 0.0000 0.0834
055350 0.8166 0.1000 0.0000 0.0834
055400 0.8166 0.1000 0.0000 0.0834
055450 0.8166 0.1000 0.0000 0.0834
055500 0.8166 0.1000 0.0000 0.0834
055550 0.8166 0.1000 0.0000 0.0834
055600 0.8166 0.1000 0.0000 0.0834
055650 0.8166 0.1000 0.0000 0.0834
055700 0.8166 0.1000 0.0000 0.0834
055750 0.8166 0.1000 0.0000 0.0834
055800 0.8166 0.1000 0.0000 0.0834
055850 0.8166 0.1000 0.0000 0.0834
055900 0.8166 0.1000 0.0000 0.0834
055950 0.8166 0.1000 0.0000 0.0834
056000 0.8166 0.1000 0.0000 0.0834
056050 0.8166 0.1000 0.0000 0.0834
056100 0.8166 0.1000 0.0000 0.0834
056150 0.8166 0.1000 0.0000 0.0834
056200 0.8166 0.1000 0.0000 0.0834
056250 0.8166 0.1000 0.0000 0.0834
056300 0.8166 0.1000 0.0000 0.0834
056350 0.8166 0.1000 0.0000 0.0834
056400 0.8166 0.1000 0.0000 0.0834
056450 0.8166 0.1000 0.0000 0.0834
056500 0.8166 0.1000 0.0000 0.0834
056550 0.8166 0.1000 0.0000 0.0834
056600 0.8166 0.1000 0.0000 0.0834
056650 0.8166 0.1000 0.0000 0.0834
056700 0.8166 0.1000 0.0000 0.0834
056750 0.8166 0.1000 0.0000 0.0834
056800 0.8166 0.1000 0.0000 0.0834
056850 0.8166 0.1000 0.0000 0.0834
056900 0.8166 0.1000 0.0000 0.0834
056950 0.8166 0.1000 0.0000 0.0834
057000 0.8166 0.1000 0.0000 0.0834
057050 0.8166 0.1000 0.0000 0.0834
